# https://www.apex-telescope.org/sites/chajnantor/atmosphere/transpwv/showData.php?pwv1=0.6&pwv2=0.5&pwv3=1&fstart=180&fstop=320&elev=45%20%3E
# APEX, Llano de Chajnantor, alt. 5100m 
# First column frequency in GHz. 
# Following column(s) transmissions(s) 
# First row PWVs 
#F/PWV  |  0.600  |  0.000  |  0.000  |  0.000  |  0.000
#__________________________________________
180.00  ,  0.777  ,  0.000  ,  0.000  ,  0.000  ,  0.000
180.10  ,  0.768  ,  0.000  ,  0.000  ,  0.000  ,  0.000
180.20  ,  0.759  ,  0.000  ,  0.000  ,  0.000  ,  0.000
180.30  ,  0.748  ,  0.000  ,  0.000  ,  0.000  ,  0.000
180.40  ,  0.737  ,  0.000  ,  0.000  ,  0.000  ,  0.000
180.50  ,  0.725  ,  0.000  ,  0.000  ,  0.000  ,  0.000
180.60  ,  0.713  ,  0.000  ,  0.000  ,  0.000  ,  0.000
180.70  ,  0.699  ,  0.000  ,  0.000  ,  0.000  ,  0.000
180.80  ,  0.685  ,  0.000  ,  0.000  ,  0.000  ,  0.000
180.90  ,  0.670  ,  0.000  ,  0.000  ,  0.000  ,  0.000
181.00  ,  0.654  ,  0.000  ,  0.000  ,  0.000  ,  0.000
181.10  ,  0.638  ,  0.000  ,  0.000  ,  0.000  ,  0.000
181.20  ,  0.620  ,  0.000  ,  0.000  ,  0.000  ,  0.000
181.30  ,  0.601  ,  0.000  ,  0.000  ,  0.000  ,  0.000
181.40  ,  0.582  ,  0.000  ,  0.000  ,  0.000  ,  0.000
181.50  ,  0.561  ,  0.000  ,  0.000  ,  0.000  ,  0.000
181.60  ,  0.540  ,  0.000  ,  0.000  ,  0.000  ,  0.000
181.70  ,  0.517  ,  0.000  ,  0.000  ,  0.000  ,  0.000
181.80  ,  0.494  ,  0.000  ,  0.000  ,  0.000  ,  0.000
181.90  ,  0.470  ,  0.000  ,  0.000  ,  0.000  ,  0.000
182.00  ,  0.445  ,  0.000  ,  0.000  ,  0.000  ,  0.000
182.10  ,  0.421  ,  0.000  ,  0.000  ,  0.000  ,  0.000
182.20  ,  0.395  ,  0.000  ,  0.000  ,  0.000  ,  0.000
182.30  ,  0.371  ,  0.000  ,  0.000  ,  0.000  ,  0.000
182.40  ,  0.346  ,  0.000  ,  0.000  ,  0.000  ,  0.000
182.50  ,  0.322  ,  0.000  ,  0.000  ,  0.000  ,  0.000
182.60  ,  0.300  ,  0.000  ,  0.000  ,  0.000  ,  0.000
182.70  ,  0.279  ,  0.000  ,  0.000  ,  0.000  ,  0.000
182.80  ,  0.259  ,  0.000  ,  0.000  ,  0.000  ,  0.000
182.90  ,  0.243  ,  0.000  ,  0.000  ,  0.000  ,  0.000
183.00  ,  0.229  ,  0.000  ,  0.000  ,  0.000  ,  0.000
183.10  ,  0.218  ,  0.000  ,  0.000  ,  0.000  ,  0.000
183.20  ,  0.210  ,  0.000  ,  0.000  ,  0.000  ,  0.000
183.30  ,  0.207  ,  0.000  ,  0.000  ,  0.000  ,  0.000
183.40  ,  0.209  ,  0.000  ,  0.000  ,  0.000  ,  0.000
183.50  ,  0.214  ,  0.000  ,  0.000  ,  0.000  ,  0.000
183.60  ,  0.224  ,  0.000  ,  0.000  ,  0.000  ,  0.000
183.70  ,  0.236  ,  0.000  ,  0.000  ,  0.000  ,  0.000
183.80  ,  0.252  ,  0.000  ,  0.000  ,  0.000  ,  0.000
183.90  ,  0.269  ,  0.000  ,  0.000  ,  0.000  ,  0.000
184.00  ,  0.289  ,  0.000  ,  0.000  ,  0.000  ,  0.000
184.10  ,  0.309  ,  0.000  ,  0.000  ,  0.000  ,  0.000
184.20  ,  0.330  ,  0.000  ,  0.000  ,  0.000  ,  0.000
184.30  ,  0.347  ,  0.000  ,  0.000  ,  0.000  ,  0.000
184.40  ,  0.358  ,  0.000  ,  0.000  ,  0.000  ,  0.000
184.50  ,  0.398  ,  0.000  ,  0.000  ,  0.000  ,  0.000
184.60  ,  0.425  ,  0.000  ,  0.000  ,  0.000  ,  0.000
184.70  ,  0.448  ,  0.000  ,  0.000  ,  0.000  ,  0.000
184.80  ,  0.472  ,  0.000  ,  0.000  ,  0.000  ,  0.000
184.90  ,  0.498  ,  0.000  ,  0.000  ,  0.000  ,  0.000
185.00  ,  0.521  ,  0.000  ,  0.000  ,  0.000  ,  0.000
185.10  ,  0.543  ,  0.000  ,  0.000  ,  0.000  ,  0.000
185.20  ,  0.563  ,  0.000  ,  0.000  ,  0.000  ,  0.000
185.30  ,  0.583  ,  0.000  ,  0.000  ,  0.000  ,  0.000
185.40  ,  0.602  ,  0.000  ,  0.000  ,  0.000  ,  0.000
185.50  ,  0.619  ,  0.000  ,  0.000  ,  0.000  ,  0.000
185.60  ,  0.636  ,  0.000  ,  0.000  ,  0.000  ,  0.000
185.70  ,  0.653  ,  0.000  ,  0.000  ,  0.000  ,  0.000
185.80  ,  0.668  ,  0.000  ,  0.000  ,  0.000  ,  0.000
185.90  ,  0.682  ,  0.000  ,  0.000  ,  0.000  ,  0.000
186.00  ,  0.696  ,  0.000  ,  0.000  ,  0.000  ,  0.000
186.10  ,  0.708  ,  0.000  ,  0.000  ,  0.000  ,  0.000
186.20  ,  0.720  ,  0.000  ,  0.000  ,  0.000  ,  0.000
186.30  ,  0.731  ,  0.000  ,  0.000  ,  0.000  ,  0.000
186.40  ,  0.742  ,  0.000  ,  0.000  ,  0.000  ,  0.000
186.50  ,  0.752  ,  0.000  ,  0.000  ,  0.000  ,  0.000
186.60  ,  0.762  ,  0.000  ,  0.000  ,  0.000  ,  0.000
186.70  ,  0.771  ,  0.000  ,  0.000  ,  0.000  ,  0.000
186.80  ,  0.779  ,  0.000  ,  0.000  ,  0.000  ,  0.000
186.90  ,  0.787  ,  0.000  ,  0.000  ,  0.000  ,  0.000
187.00  ,  0.794  ,  0.000  ,  0.000  ,  0.000  ,  0.000
187.10  ,  0.801  ,  0.000  ,  0.000  ,  0.000  ,  0.000
187.20  ,  0.808  ,  0.000  ,  0.000  ,  0.000  ,  0.000
187.30  ,  0.815  ,  0.000  ,  0.000  ,  0.000  ,  0.000
187.40  ,  0.821  ,  0.000  ,  0.000  ,  0.000  ,  0.000
187.50  ,  0.826  ,  0.000  ,  0.000  ,  0.000  ,  0.000
187.60  ,  0.832  ,  0.000  ,  0.000  ,  0.000  ,  0.000
187.70  ,  0.837  ,  0.000  ,  0.000  ,  0.000  ,  0.000
187.80  ,  0.842  ,  0.000  ,  0.000  ,  0.000  ,  0.000
187.90  ,  0.846  ,  0.000  ,  0.000  ,  0.000  ,  0.000
188.00  ,  0.851  ,  0.000  ,  0.000  ,  0.000  ,  0.000
188.10  ,  0.855  ,  0.000  ,  0.000  ,  0.000  ,  0.000
188.20  ,  0.859  ,  0.000  ,  0.000  ,  0.000  ,  0.000
188.30  ,  0.863  ,  0.000  ,  0.000  ,  0.000  ,  0.000
188.40  ,  0.867  ,  0.000  ,  0.000  ,  0.000  ,  0.000
188.50  ,  0.870  ,  0.000  ,  0.000  ,  0.000  ,  0.000
188.60  ,  0.873  ,  0.000  ,  0.000  ,  0.000  ,  0.000
188.70  ,  0.876  ,  0.000  ,  0.000  ,  0.000  ,  0.000
188.80  ,  0.879  ,  0.000  ,  0.000  ,  0.000  ,  0.000
188.90  ,  0.882  ,  0.000  ,  0.000  ,  0.000  ,  0.000
189.00  ,  0.885  ,  0.000  ,  0.000  ,  0.000  ,  0.000
189.10  ,  0.887  ,  0.000  ,  0.000  ,  0.000  ,  0.000
189.20  ,  0.890  ,  0.000  ,  0.000  ,  0.000  ,  0.000
189.30  ,  0.892  ,  0.000  ,  0.000  ,  0.000  ,  0.000
189.40  ,  0.895  ,  0.000  ,  0.000  ,  0.000  ,  0.000
189.50  ,  0.897  ,  0.000  ,  0.000  ,  0.000  ,  0.000
189.60  ,  0.899  ,  0.000  ,  0.000  ,  0.000  ,  0.000
189.70  ,  0.901  ,  0.000  ,  0.000  ,  0.000  ,  0.000
189.80  ,  0.903  ,  0.000  ,  0.000  ,  0.000  ,  0.000
189.90  ,  0.905  ,  0.000  ,  0.000  ,  0.000  ,  0.000
190.00  ,  0.907  ,  0.000  ,  0.000  ,  0.000  ,  0.000
190.10  ,  0.908  ,  0.000  ,  0.000  ,  0.000  ,  0.000
190.20  ,  0.910  ,  0.000  ,  0.000  ,  0.000  ,  0.000
190.30  ,  0.911  ,  0.000  ,  0.000  ,  0.000  ,  0.000
190.40  ,  0.913  ,  0.000  ,  0.000  ,  0.000  ,  0.000
190.50  ,  0.914  ,  0.000  ,  0.000  ,  0.000  ,  0.000
190.60  ,  0.915  ,  0.000  ,  0.000  ,  0.000  ,  0.000
190.70  ,  0.917  ,  0.000  ,  0.000  ,  0.000  ,  0.000
190.80  ,  0.918  ,  0.000  ,  0.000  ,  0.000  ,  0.000
190.90  ,  0.920  ,  0.000  ,  0.000  ,  0.000  ,  0.000
191.00  ,  0.921  ,  0.000  ,  0.000  ,  0.000  ,  0.000
191.10  ,  0.922  ,  0.000  ,  0.000  ,  0.000  ,  0.000
191.20  ,  0.923  ,  0.000  ,  0.000  ,  0.000  ,  0.000
191.30  ,  0.924  ,  0.000  ,  0.000  ,  0.000  ,  0.000
191.40  ,  0.925  ,  0.000  ,  0.000  ,  0.000  ,  0.000
191.50  ,  0.926  ,  0.000  ,  0.000  ,  0.000  ,  0.000
191.60  ,  0.927  ,  0.000  ,  0.000  ,  0.000  ,  0.000
191.70  ,  0.928  ,  0.000  ,  0.000  ,  0.000  ,  0.000
191.80  ,  0.929  ,  0.000  ,  0.000  ,  0.000  ,  0.000
191.90  ,  0.930  ,  0.000  ,  0.000  ,  0.000  ,  0.000
192.00  ,  0.931  ,  0.000  ,  0.000  ,  0.000  ,  0.000
192.10  ,  0.932  ,  0.000  ,  0.000  ,  0.000  ,  0.000
192.20  ,  0.932  ,  0.000  ,  0.000  ,  0.000  ,  0.000
192.30  ,  0.933  ,  0.000  ,  0.000  ,  0.000  ,  0.000
192.40  ,  0.934  ,  0.000  ,  0.000  ,  0.000  ,  0.000
192.50  ,  0.934  ,  0.000  ,  0.000  ,  0.000  ,  0.000
192.60  ,  0.935  ,  0.000  ,  0.000  ,  0.000  ,  0.000
192.70  ,  0.936  ,  0.000  ,  0.000  ,  0.000  ,  0.000
192.80  ,  0.936  ,  0.000  ,  0.000  ,  0.000  ,  0.000
192.90  ,  0.937  ,  0.000  ,  0.000  ,  0.000  ,  0.000
193.00  ,  0.937  ,  0.000  ,  0.000  ,  0.000  ,  0.000
193.10  ,  0.937  ,  0.000  ,  0.000  ,  0.000  ,  0.000
193.20  ,  0.936  ,  0.000  ,  0.000  ,  0.000  ,  0.000
193.30  ,  0.931  ,  0.000  ,  0.000  ,  0.000  ,  0.000
193.40  ,  0.931  ,  0.000  ,  0.000  ,  0.000  ,  0.000
193.50  ,  0.937  ,  0.000  ,  0.000  ,  0.000  ,  0.000
193.60  ,  0.939  ,  0.000  ,  0.000  ,  0.000  ,  0.000
193.70  ,  0.940  ,  0.000  ,  0.000  ,  0.000  ,  0.000
193.80  ,  0.941  ,  0.000  ,  0.000  ,  0.000  ,  0.000
193.90  ,  0.942  ,  0.000  ,  0.000  ,  0.000  ,  0.000
194.00  ,  0.942  ,  0.000  ,  0.000  ,  0.000  ,  0.000
194.10  ,  0.943  ,  0.000  ,  0.000  ,  0.000  ,  0.000
194.20  ,  0.943  ,  0.000  ,  0.000  ,  0.000  ,  0.000
194.30  ,  0.943  ,  0.000  ,  0.000  ,  0.000  ,  0.000
194.40  ,  0.944  ,  0.000  ,  0.000  ,  0.000  ,  0.000
194.50  ,  0.944  ,  0.000  ,  0.000  ,  0.000  ,  0.000
194.60  ,  0.944  ,  0.000  ,  0.000  ,  0.000  ,  0.000
194.70  ,  0.944  ,  0.000  ,  0.000  ,  0.000  ,  0.000
194.80  ,  0.944  ,  0.000  ,  0.000  ,  0.000  ,  0.000
194.90  ,  0.943  ,  0.000  ,  0.000  ,  0.000  ,  0.000
195.00  ,  0.943  ,  0.000  ,  0.000  ,  0.000  ,  0.000
195.10  ,  0.941  ,  0.000  ,  0.000  ,  0.000  ,  0.000
195.20  ,  0.937  ,  0.000  ,  0.000  ,  0.000  ,  0.000
195.30  ,  0.926  ,  0.000  ,  0.000  ,  0.000  ,  0.000
195.40  ,  0.882  ,  0.000  ,  0.000  ,  0.000  ,  0.000
195.50  ,  0.909  ,  0.000  ,  0.000  ,  0.000  ,  0.000
195.60  ,  0.929  ,  0.000  ,  0.000  ,  0.000  ,  0.000
195.70  ,  0.925  ,  0.000  ,  0.000  ,  0.000  ,  0.000
195.80  ,  0.937  ,  0.000  ,  0.000  ,  0.000  ,  0.000
195.90  ,  0.943  ,  0.000  ,  0.000  ,  0.000  ,  0.000
196.00  ,  0.946  ,  0.000  ,  0.000  ,  0.000  ,  0.000
196.10  ,  0.948  ,  0.000  ,  0.000  ,  0.000  ,  0.000
196.20  ,  0.949  ,  0.000  ,  0.000  ,  0.000  ,  0.000
196.30  ,  0.950  ,  0.000  ,  0.000  ,  0.000  ,  0.000
196.40  ,  0.950  ,  0.000  ,  0.000  ,  0.000  ,  0.000
196.50  ,  0.951  ,  0.000  ,  0.000  ,  0.000  ,  0.000
196.60  ,  0.952  ,  0.000  ,  0.000  ,  0.000  ,  0.000
196.70  ,  0.952  ,  0.000  ,  0.000  ,  0.000  ,  0.000
196.80  ,  0.953  ,  0.000  ,  0.000  ,  0.000  ,  0.000
196.90  ,  0.953  ,  0.000  ,  0.000  ,  0.000  ,  0.000
197.00  ,  0.953  ,  0.000  ,  0.000  ,  0.000  ,  0.000
197.10  ,  0.953  ,  0.000  ,  0.000  ,  0.000  ,  0.000
197.20  ,  0.954  ,  0.000  ,  0.000  ,  0.000  ,  0.000
197.30  ,  0.954  ,  0.000  ,  0.000  ,  0.000  ,  0.000
197.40  ,  0.954  ,  0.000  ,  0.000  ,  0.000  ,  0.000
197.50  ,  0.954  ,  0.000  ,  0.000  ,  0.000  ,  0.000
197.60  ,  0.954  ,  0.000  ,  0.000  ,  0.000  ,  0.000
197.70  ,  0.955  ,  0.000  ,  0.000  ,  0.000  ,  0.000
197.80  ,  0.955  ,  0.000  ,  0.000  ,  0.000  ,  0.000
197.90  ,  0.955  ,  0.000  ,  0.000  ,  0.000  ,  0.000
198.00  ,  0.955  ,  0.000  ,  0.000  ,  0.000  ,  0.000
198.10  ,  0.955  ,  0.000  ,  0.000  ,  0.000  ,  0.000
198.20  ,  0.955  ,  0.000  ,  0.000  ,  0.000  ,  0.000
198.30  ,  0.956  ,  0.000  ,  0.000  ,  0.000  ,  0.000
198.40  ,  0.956  ,  0.000  ,  0.000  ,  0.000  ,  0.000
198.50  ,  0.956  ,  0.000  ,  0.000  ,  0.000  ,  0.000
198.60  ,  0.956  ,  0.000  ,  0.000  ,  0.000  ,  0.000
198.70  ,  0.956  ,  0.000  ,  0.000  ,  0.000  ,  0.000
198.80  ,  0.956  ,  0.000  ,  0.000  ,  0.000  ,  0.000
198.90  ,  0.956  ,  0.000  ,  0.000  ,  0.000  ,  0.000
199.00  ,  0.956  ,  0.000  ,  0.000  ,  0.000  ,  0.000
199.10  ,  0.956  ,  0.000  ,  0.000  ,  0.000  ,  0.000
199.20  ,  0.955  ,  0.000  ,  0.000  ,  0.000  ,  0.000
199.30  ,  0.954  ,  0.000  ,  0.000  ,  0.000  ,  0.000
199.40  ,  0.951  ,  0.000  ,  0.000  ,  0.000  ,  0.000
199.50  ,  0.956  ,  0.000  ,  0.000  ,  0.000  ,  0.000
199.60  ,  0.957  ,  0.000  ,  0.000  ,  0.000  ,  0.000
199.70  ,  0.957  ,  0.000  ,  0.000  ,  0.000  ,  0.000
199.80  ,  0.957  ,  0.000  ,  0.000  ,  0.000  ,  0.000
199.90  ,  0.958  ,  0.000  ,  0.000  ,  0.000  ,  0.000
200.00  ,  0.958  ,  0.000  ,  0.000  ,  0.000  ,  0.000
200.10  ,  0.958  ,  0.000  ,  0.000  ,  0.000  ,  0.000
200.20  ,  0.958  ,  0.000  ,  0.000  ,  0.000  ,  0.000
200.30  ,  0.958  ,  0.000  ,  0.000  ,  0.000  ,  0.000
200.40  ,  0.958  ,  0.000  ,  0.000  ,  0.000  ,  0.000
200.50  ,  0.958  ,  0.000  ,  0.000  ,  0.000  ,  0.000
200.60  ,  0.958  ,  0.000  ,  0.000  ,  0.000  ,  0.000
200.70  ,  0.958  ,  0.000  ,  0.000  ,  0.000  ,  0.000
200.80  ,  0.959  ,  0.000  ,  0.000  ,  0.000  ,  0.000
200.90  ,  0.959  ,  0.000  ,  0.000  ,  0.000  ,  0.000
201.00  ,  0.959  ,  0.000  ,  0.000  ,  0.000  ,  0.000
201.10  ,  0.959  ,  0.000  ,  0.000  ,  0.000  ,  0.000
201.20  ,  0.959  ,  0.000  ,  0.000  ,  0.000  ,  0.000
201.30  ,  0.959  ,  0.000  ,  0.000  ,  0.000  ,  0.000
201.40  ,  0.959  ,  0.000  ,  0.000  ,  0.000  ,  0.000
201.50  ,  0.959  ,  0.000  ,  0.000  ,  0.000  ,  0.000
201.60  ,  0.959  ,  0.000  ,  0.000  ,  0.000  ,  0.000
201.70  ,  0.959  ,  0.000  ,  0.000  ,  0.000  ,  0.000
201.80  ,  0.959  ,  0.000  ,  0.000  ,  0.000  ,  0.000
201.90  ,  0.959  ,  0.000  ,  0.000  ,  0.000  ,  0.000
202.00  ,  0.959  ,  0.000  ,  0.000  ,  0.000  ,  0.000
202.10  ,  0.959  ,  0.000  ,  0.000  ,  0.000  ,  0.000
202.20  ,  0.958  ,  0.000  ,  0.000  ,  0.000  ,  0.000
202.30  ,  0.958  ,  0.000  ,  0.000  ,  0.000  ,  0.000
202.40  ,  0.958  ,  0.000  ,  0.000  ,  0.000  ,  0.000
202.50  ,  0.958  ,  0.000  ,  0.000  ,  0.000  ,  0.000
202.60  ,  0.958  ,  0.000  ,  0.000  ,  0.000  ,  0.000
202.70  ,  0.958  ,  0.000  ,  0.000  ,  0.000  ,  0.000
202.80  ,  0.958  ,  0.000  ,  0.000  ,  0.000  ,  0.000
202.90  ,  0.957  ,  0.000  ,  0.000  ,  0.000  ,  0.000
203.00  ,  0.957  ,  0.000  ,  0.000  ,  0.000  ,  0.000
203.10  ,  0.957  ,  0.000  ,  0.000  ,  0.000  ,  0.000
203.20  ,  0.957  ,  0.000  ,  0.000  ,  0.000  ,  0.000
203.30  ,  0.957  ,  0.000  ,  0.000  ,  0.000  ,  0.000
203.40  ,  0.956  ,  0.000  ,  0.000  ,  0.000  ,  0.000
203.50  ,  0.956  ,  0.000  ,  0.000  ,  0.000  ,  0.000
203.60  ,  0.957  ,  0.000  ,  0.000  ,  0.000  ,  0.000
203.70  ,  0.957  ,  0.000  ,  0.000  ,  0.000  ,  0.000
203.80  ,  0.958  ,  0.000  ,  0.000  ,  0.000  ,  0.000
203.90  ,  0.958  ,  0.000  ,  0.000  ,  0.000  ,  0.000
204.00  ,  0.958  ,  0.000  ,  0.000  ,  0.000  ,  0.000
204.10  ,  0.958  ,  0.000  ,  0.000  ,  0.000  ,  0.000
204.20  ,  0.959  ,  0.000  ,  0.000  ,  0.000  ,  0.000
204.30  ,  0.959  ,  0.000  ,  0.000  ,  0.000  ,  0.000
204.40  ,  0.959  ,  0.000  ,  0.000  ,  0.000  ,  0.000
204.50  ,  0.960  ,  0.000  ,  0.000  ,  0.000  ,  0.000
204.60  ,  0.960  ,  0.000  ,  0.000  ,  0.000  ,  0.000
204.70  ,  0.960  ,  0.000  ,  0.000  ,  0.000  ,  0.000
204.80  ,  0.960  ,  0.000  ,  0.000  ,  0.000  ,  0.000
204.90  ,  0.960  ,  0.000  ,  0.000  ,  0.000  ,  0.000
205.00  ,  0.960  ,  0.000  ,  0.000  ,  0.000  ,  0.000
205.10  ,  0.960  ,  0.000  ,  0.000  ,  0.000  ,  0.000
205.20  ,  0.960  ,  0.000  ,  0.000  ,  0.000  ,  0.000
205.30  ,  0.961  ,  0.000  ,  0.000  ,  0.000  ,  0.000
205.40  ,  0.961  ,  0.000  ,  0.000  ,  0.000  ,  0.000
205.50  ,  0.961  ,  0.000  ,  0.000  ,  0.000  ,  0.000
205.60  ,  0.961  ,  0.000  ,  0.000  ,  0.000  ,  0.000
205.70  ,  0.961  ,  0.000  ,  0.000  ,  0.000  ,  0.000
205.80  ,  0.961  ,  0.000  ,  0.000  ,  0.000  ,  0.000
205.90  ,  0.960  ,  0.000  ,  0.000  ,  0.000  ,  0.000
206.00  ,  0.959  ,  0.000  ,  0.000  ,  0.000  ,  0.000
206.10  ,  0.955  ,  0.000  ,  0.000  ,  0.000  ,  0.000
206.20  ,  0.958  ,  0.000  ,  0.000  ,  0.000  ,  0.000
206.30  ,  0.960  ,  0.000  ,  0.000  ,  0.000  ,  0.000
206.40  ,  0.961  ,  0.000  ,  0.000  ,  0.000  ,  0.000
206.50  ,  0.961  ,  0.000  ,  0.000  ,  0.000  ,  0.000
206.60  ,  0.961  ,  0.000  ,  0.000  ,  0.000  ,  0.000
206.70  ,  0.961  ,  0.000  ,  0.000  ,  0.000  ,  0.000
206.80  ,  0.962  ,  0.000  ,  0.000  ,  0.000  ,  0.000
206.90  ,  0.962  ,  0.000  ,  0.000  ,  0.000  ,  0.000
207.00  ,  0.962  ,  0.000  ,  0.000  ,  0.000  ,  0.000
207.10  ,  0.962  ,  0.000  ,  0.000  ,  0.000  ,  0.000
207.20  ,  0.962  ,  0.000  ,  0.000  ,  0.000  ,  0.000
207.30  ,  0.962  ,  0.000  ,  0.000  ,  0.000  ,  0.000
207.40  ,  0.962  ,  0.000  ,  0.000  ,  0.000  ,  0.000
207.50  ,  0.961  ,  0.000  ,  0.000  ,  0.000  ,  0.000
207.60  ,  0.962  ,  0.000  ,  0.000  ,  0.000  ,  0.000
207.70  ,  0.961  ,  0.000  ,  0.000  ,  0.000  ,  0.000
207.80  ,  0.961  ,  0.000  ,  0.000  ,  0.000  ,  0.000
207.90  ,  0.961  ,  0.000  ,  0.000  ,  0.000  ,  0.000
208.00  ,  0.961  ,  0.000  ,  0.000  ,  0.000  ,  0.000
208.10  ,  0.960  ,  0.000  ,  0.000  ,  0.000  ,  0.000
208.20  ,  0.960  ,  0.000  ,  0.000  ,  0.000  ,  0.000
208.30  ,  0.958  ,  0.000  ,  0.000  ,  0.000  ,  0.000
208.40  ,  0.956  ,  0.000  ,  0.000  ,  0.000  ,  0.000
208.50  ,  0.949  ,  0.000  ,  0.000  ,  0.000  ,  0.000
208.60  ,  0.926  ,  0.000  ,  0.000  ,  0.000  ,  0.000
208.70  ,  0.933  ,  0.000  ,  0.000  ,  0.000  ,  0.000
208.80  ,  0.951  ,  0.000  ,  0.000  ,  0.000  ,  0.000
208.90  ,  0.956  ,  0.000  ,  0.000  ,  0.000  ,  0.000
209.00  ,  0.959  ,  0.000  ,  0.000  ,  0.000  ,  0.000
209.10  ,  0.960  ,  0.000  ,  0.000  ,  0.000  ,  0.000
209.20  ,  0.961  ,  0.000  ,  0.000  ,  0.000  ,  0.000
209.30  ,  0.961  ,  0.000  ,  0.000  ,  0.000  ,  0.000
209.40  ,  0.961  ,  0.000  ,  0.000  ,  0.000  ,  0.000
209.50  ,  0.961  ,  0.000  ,  0.000  ,  0.000  ,  0.000
209.60  ,  0.962  ,  0.000  ,  0.000  ,  0.000  ,  0.000
209.70  ,  0.962  ,  0.000  ,  0.000  ,  0.000  ,  0.000
209.80  ,  0.962  ,  0.000  ,  0.000  ,  0.000  ,  0.000
209.90  ,  0.962  ,  0.000  ,  0.000  ,  0.000  ,  0.000
210.00  ,  0.962  ,  0.000  ,  0.000  ,  0.000  ,  0.000
210.10  ,  0.962  ,  0.000  ,  0.000  ,  0.000  ,  0.000
210.20  ,  0.961  ,  0.000  ,  0.000  ,  0.000  ,  0.000
210.30  ,  0.961  ,  0.000  ,  0.000  ,  0.000  ,  0.000
210.40  ,  0.959  ,  0.000  ,  0.000  ,  0.000  ,  0.000
210.50  ,  0.960  ,  0.000  ,  0.000  ,  0.000  ,  0.000
210.60  ,  0.959  ,  0.000  ,  0.000  ,  0.000  ,  0.000
210.70  ,  0.955  ,  0.000  ,  0.000  ,  0.000  ,  0.000
210.80  ,  0.936  ,  0.000  ,  0.000  ,  0.000  ,  0.000
210.90  ,  0.956  ,  0.000  ,  0.000  ,  0.000  ,  0.000
211.00  ,  0.959  ,  0.000  ,  0.000  ,  0.000  ,  0.000
211.10  ,  0.961  ,  0.000  ,  0.000  ,  0.000  ,  0.000
211.20  ,  0.962  ,  0.000  ,  0.000  ,  0.000  ,  0.000
211.30  ,  0.962  ,  0.000  ,  0.000  ,  0.000  ,  0.000
211.40  ,  0.962  ,  0.000  ,  0.000  ,  0.000  ,  0.000
211.50  ,  0.962  ,  0.000  ,  0.000  ,  0.000  ,  0.000
211.60  ,  0.963  ,  0.000  ,  0.000  ,  0.000  ,  0.000
211.70  ,  0.963  ,  0.000  ,  0.000  ,  0.000  ,  0.000
211.80  ,  0.963  ,  0.000  ,  0.000  ,  0.000  ,  0.000
211.90  ,  0.963  ,  0.000  ,  0.000  ,  0.000  ,  0.000
212.00  ,  0.963  ,  0.000  ,  0.000  ,  0.000  ,  0.000
212.10  ,  0.963  ,  0.000  ,  0.000  ,  0.000  ,  0.000
212.20  ,  0.963  ,  0.000  ,  0.000  ,  0.000  ,  0.000
212.30  ,  0.963  ,  0.000  ,  0.000  ,  0.000  ,  0.000
212.40  ,  0.963  ,  0.000  ,  0.000  ,  0.000  ,  0.000
212.50  ,  0.963  ,  0.000  ,  0.000  ,  0.000  ,  0.000
212.60  ,  0.963  ,  0.000  ,  0.000  ,  0.000  ,  0.000
212.70  ,  0.963  ,  0.000  ,  0.000  ,  0.000  ,  0.000
212.80  ,  0.963  ,  0.000  ,  0.000  ,  0.000  ,  0.000
212.90  ,  0.963  ,  0.000  ,  0.000  ,  0.000  ,  0.000
213.00  ,  0.963  ,  0.000  ,  0.000  ,  0.000  ,  0.000
213.10  ,  0.963  ,  0.000  ,  0.000  ,  0.000  ,  0.000
213.20  ,  0.963  ,  0.000  ,  0.000  ,  0.000  ,  0.000
213.30  ,  0.963  ,  0.000  ,  0.000  ,  0.000  ,  0.000
213.40  ,  0.963  ,  0.000  ,  0.000  ,  0.000  ,  0.000
213.50  ,  0.963  ,  0.000  ,  0.000  ,  0.000  ,  0.000
213.60  ,  0.963  ,  0.000  ,  0.000  ,  0.000  ,  0.000
213.70  ,  0.963  ,  0.000  ,  0.000  ,  0.000  ,  0.000
213.80  ,  0.963  ,  0.000  ,  0.000  ,  0.000  ,  0.000
213.90  ,  0.963  ,  0.000  ,  0.000  ,  0.000  ,  0.000
214.00  ,  0.962  ,  0.000  ,  0.000  ,  0.000  ,  0.000
214.10  ,  0.962  ,  0.000  ,  0.000  ,  0.000  ,  0.000
214.20  ,  0.962  ,  0.000  ,  0.000  ,  0.000  ,  0.000
214.30  ,  0.962  ,  0.000  ,  0.000  ,  0.000  ,  0.000
214.40  ,  0.962  ,  0.000  ,  0.000  ,  0.000  ,  0.000
214.50  ,  0.961  ,  0.000  ,  0.000  ,  0.000  ,  0.000
214.60  ,  0.960  ,  0.000  ,  0.000  ,  0.000  ,  0.000
214.70  ,  0.958  ,  0.000  ,  0.000  ,  0.000  ,  0.000
214.80  ,  0.954  ,  0.000  ,  0.000  ,  0.000  ,  0.000
214.90  ,  0.939  ,  0.000  ,  0.000  ,  0.000  ,  0.000
215.00  ,  0.935  ,  0.000  ,  0.000  ,  0.000  ,  0.000
215.10  ,  0.953  ,  0.000  ,  0.000  ,  0.000  ,  0.000
215.20  ,  0.958  ,  0.000  ,  0.000  ,  0.000  ,  0.000
215.30  ,  0.960  ,  0.000  ,  0.000  ,  0.000  ,  0.000
215.40  ,  0.961  ,  0.000  ,  0.000  ,  0.000  ,  0.000
215.50  ,  0.961  ,  0.000  ,  0.000  ,  0.000  ,  0.000
215.60  ,  0.962  ,  0.000  ,  0.000  ,  0.000  ,  0.000
215.70  ,  0.962  ,  0.000  ,  0.000  ,  0.000  ,  0.000
215.80  ,  0.962  ,  0.000  ,  0.000  ,  0.000  ,  0.000
215.90  ,  0.962  ,  0.000  ,  0.000  ,  0.000  ,  0.000
216.00  ,  0.962  ,  0.000  ,  0.000  ,  0.000  ,  0.000
216.10  ,  0.963  ,  0.000  ,  0.000  ,  0.000  ,  0.000
216.20  ,  0.963  ,  0.000  ,  0.000  ,  0.000  ,  0.000
216.30  ,  0.963  ,  0.000  ,  0.000  ,  0.000  ,  0.000
216.40  ,  0.963  ,  0.000  ,  0.000  ,  0.000  ,  0.000
216.50  ,  0.963  ,  0.000  ,  0.000  ,  0.000  ,  0.000
216.60  ,  0.963  ,  0.000  ,  0.000  ,  0.000  ,  0.000
216.70  ,  0.963  ,  0.000  ,  0.000  ,  0.000  ,  0.000
216.80  ,  0.963  ,  0.000  ,  0.000  ,  0.000  ,  0.000
216.90  ,  0.963  ,  0.000  ,  0.000  ,  0.000  ,  0.000
217.00  ,  0.963  ,  0.000  ,  0.000  ,  0.000  ,  0.000
217.10  ,  0.963  ,  0.000  ,  0.000  ,  0.000  ,  0.000
217.20  ,  0.963  ,  0.000  ,  0.000  ,  0.000  ,  0.000
217.30  ,  0.963  ,  0.000  ,  0.000  ,  0.000  ,  0.000
217.40  ,  0.963  ,  0.000  ,  0.000  ,  0.000  ,  0.000
217.50  ,  0.963  ,  0.000  ,  0.000  ,  0.000  ,  0.000
217.60  ,  0.963  ,  0.000  ,  0.000  ,  0.000  ,  0.000
217.70  ,  0.963  ,  0.000  ,  0.000  ,  0.000  ,  0.000
217.80  ,  0.963  ,  0.000  ,  0.000  ,  0.000  ,  0.000
217.90  ,  0.963  ,  0.000  ,  0.000  ,  0.000  ,  0.000
218.00  ,  0.963  ,  0.000  ,  0.000  ,  0.000  ,  0.000
218.10  ,  0.962  ,  0.000  ,  0.000  ,  0.000  ,  0.000
218.20  ,  0.963  ,  0.000  ,  0.000  ,  0.000  ,  0.000
218.30  ,  0.963  ,  0.000  ,  0.000  ,  0.000  ,  0.000
218.40  ,  0.963  ,  0.000  ,  0.000  ,  0.000  ,  0.000
218.50  ,  0.963  ,  0.000  ,  0.000  ,  0.000  ,  0.000
218.60  ,  0.963  ,  0.000  ,  0.000  ,  0.000  ,  0.000
218.70  ,  0.963  ,  0.000  ,  0.000  ,  0.000  ,  0.000
218.80  ,  0.963  ,  0.000  ,  0.000  ,  0.000  ,  0.000
218.90  ,  0.963  ,  0.000  ,  0.000  ,  0.000  ,  0.000
219.00  ,  0.963  ,  0.000  ,  0.000  ,  0.000  ,  0.000
219.10  ,  0.963  ,  0.000  ,  0.000  ,  0.000  ,  0.000
219.20  ,  0.963  ,  0.000  ,  0.000  ,  0.000  ,  0.000
219.30  ,  0.962  ,  0.000  ,  0.000  ,  0.000  ,  0.000
219.40  ,  0.963  ,  0.000  ,  0.000  ,  0.000  ,  0.000
219.50  ,  0.963  ,  0.000  ,  0.000  ,  0.000  ,  0.000
219.60  ,  0.963  ,  0.000  ,  0.000  ,  0.000  ,  0.000
219.70  ,  0.963  ,  0.000  ,  0.000  ,  0.000  ,  0.000
219.80  ,  0.963  ,  0.000  ,  0.000  ,  0.000  ,  0.000
219.90  ,  0.962  ,  0.000  ,  0.000  ,  0.000  ,  0.000
220.00  ,  0.962  ,  0.000  ,  0.000  ,  0.000  ,  0.000
220.10  ,  0.963  ,  0.000  ,  0.000  ,  0.000  ,  0.000
220.20  ,  0.963  ,  0.000  ,  0.000  ,  0.000  ,  0.000
220.30  ,  0.963  ,  0.000  ,  0.000  ,  0.000  ,  0.000
220.40  ,  0.963  ,  0.000  ,  0.000  ,  0.000  ,  0.000
220.50  ,  0.962  ,  0.000  ,  0.000  ,  0.000  ,  0.000
220.60  ,  0.962  ,  0.000  ,  0.000  ,  0.000  ,  0.000
220.70  ,  0.962  ,  0.000  ,  0.000  ,  0.000  ,  0.000
220.80  ,  0.962  ,  0.000  ,  0.000  ,  0.000  ,  0.000
220.90  ,  0.962  ,  0.000  ,  0.000  ,  0.000  ,  0.000
221.00  ,  0.962  ,  0.000  ,  0.000  ,  0.000  ,  0.000
221.10  ,  0.962  ,  0.000  ,  0.000  ,  0.000  ,  0.000
221.20  ,  0.962  ,  0.000  ,  0.000  ,  0.000  ,  0.000
221.30  ,  0.962  ,  0.000  ,  0.000  ,  0.000  ,  0.000
221.40  ,  0.962  ,  0.000  ,  0.000  ,  0.000  ,  0.000
221.50  ,  0.962  ,  0.000  ,  0.000  ,  0.000  ,  0.000
221.60  ,  0.962  ,  0.000  ,  0.000  ,  0.000  ,  0.000
221.70  ,  0.962  ,  0.000  ,  0.000  ,  0.000  ,  0.000
221.80  ,  0.962  ,  0.000  ,  0.000  ,  0.000  ,  0.000
221.90  ,  0.962  ,  0.000  ,  0.000  ,  0.000  ,  0.000
222.00  ,  0.962  ,  0.000  ,  0.000  ,  0.000  ,  0.000
222.10  ,  0.962  ,  0.000  ,  0.000  ,  0.000  ,  0.000
222.20  ,  0.962  ,  0.000  ,  0.000  ,  0.000  ,  0.000
222.30  ,  0.962  ,  0.000  ,  0.000  ,  0.000  ,  0.000
222.40  ,  0.962  ,  0.000  ,  0.000  ,  0.000  ,  0.000
222.50  ,  0.962  ,  0.000  ,  0.000  ,  0.000  ,  0.000
222.60  ,  0.962  ,  0.000  ,  0.000  ,  0.000  ,  0.000
222.70  ,  0.962  ,  0.000  ,  0.000  ,  0.000  ,  0.000
222.80  ,  0.962  ,  0.000  ,  0.000  ,  0.000  ,  0.000
222.90  ,  0.962  ,  0.000  ,  0.000  ,  0.000  ,  0.000
223.00  ,  0.962  ,  0.000  ,  0.000  ,  0.000  ,  0.000
223.10  ,  0.962  ,  0.000  ,  0.000  ,  0.000  ,  0.000
223.20  ,  0.962  ,  0.000  ,  0.000  ,  0.000  ,  0.000
223.30  ,  0.962  ,  0.000  ,  0.000  ,  0.000  ,  0.000
223.40  ,  0.962  ,  0.000  ,  0.000  ,  0.000  ,  0.000
223.50  ,  0.962  ,  0.000  ,  0.000  ,  0.000  ,  0.000
223.60  ,  0.962  ,  0.000  ,  0.000  ,  0.000  ,  0.000
223.70  ,  0.962  ,  0.000  ,  0.000  ,  0.000  ,  0.000
223.80  ,  0.962  ,  0.000  ,  0.000  ,  0.000  ,  0.000
223.90  ,  0.961  ,  0.000  ,  0.000  ,  0.000  ,  0.000
224.00  ,  0.962  ,  0.000  ,  0.000  ,  0.000  ,  0.000
224.10  ,  0.962  ,  0.000  ,  0.000  ,  0.000  ,  0.000
224.20  ,  0.962  ,  0.000  ,  0.000  ,  0.000  ,  0.000
224.30  ,  0.961  ,  0.000  ,  0.000  ,  0.000  ,  0.000
224.40  ,  0.961  ,  0.000  ,  0.000  ,  0.000  ,  0.000
224.50  ,  0.961  ,  0.000  ,  0.000  ,  0.000  ,  0.000
224.60  ,  0.961  ,  0.000  ,  0.000  ,  0.000  ,  0.000
224.70  ,  0.961  ,  0.000  ,  0.000  ,  0.000  ,  0.000
224.80  ,  0.961  ,  0.000  ,  0.000  ,  0.000  ,  0.000
224.90  ,  0.961  ,  0.000  ,  0.000  ,  0.000  ,  0.000
225.00  ,  0.961  ,  0.000  ,  0.000  ,  0.000  ,  0.000
225.10  ,  0.961  ,  0.000  ,  0.000  ,  0.000  ,  0.000
225.20  ,  0.961  ,  0.000  ,  0.000  ,  0.000  ,  0.000
225.30  ,  0.961  ,  0.000  ,  0.000  ,  0.000  ,  0.000
225.40  ,  0.960  ,  0.000  ,  0.000  ,  0.000  ,  0.000
225.50  ,  0.960  ,  0.000  ,  0.000  ,  0.000  ,  0.000
225.60  ,  0.960  ,  0.000  ,  0.000  ,  0.000  ,  0.000
225.70  ,  0.959  ,  0.000  ,  0.000  ,  0.000  ,  0.000
225.80  ,  0.958  ,  0.000  ,  0.000  ,  0.000  ,  0.000
225.90  ,  0.956  ,  0.000  ,  0.000  ,  0.000  ,  0.000
226.00  ,  0.949  ,  0.000  ,  0.000  ,  0.000  ,  0.000
226.10  ,  0.948  ,  0.000  ,  0.000  ,  0.000  ,  0.000
226.20  ,  0.956  ,  0.000  ,  0.000  ,  0.000  ,  0.000
226.30  ,  0.958  ,  0.000  ,  0.000  ,  0.000  ,  0.000
226.40  ,  0.959  ,  0.000  ,  0.000  ,  0.000  ,  0.000
226.50  ,  0.960  ,  0.000  ,  0.000  ,  0.000  ,  0.000
226.60  ,  0.960  ,  0.000  ,  0.000  ,  0.000  ,  0.000
226.70  ,  0.960  ,  0.000  ,  0.000  ,  0.000  ,  0.000
226.80  ,  0.960  ,  0.000  ,  0.000  ,  0.000  ,  0.000
226.90  ,  0.960  ,  0.000  ,  0.000  ,  0.000  ,  0.000
227.00  ,  0.960  ,  0.000  ,  0.000  ,  0.000  ,  0.000
227.10  ,  0.961  ,  0.000  ,  0.000  ,  0.000  ,  0.000
227.20  ,  0.961  ,  0.000  ,  0.000  ,  0.000  ,  0.000
227.30  ,  0.961  ,  0.000  ,  0.000  ,  0.000  ,  0.000
227.40  ,  0.961  ,  0.000  ,  0.000  ,  0.000  ,  0.000
227.50  ,  0.961  ,  0.000  ,  0.000  ,  0.000  ,  0.000
227.60  ,  0.961  ,  0.000  ,  0.000  ,  0.000  ,  0.000
227.70  ,  0.961  ,  0.000  ,  0.000  ,  0.000  ,  0.000
227.80  ,  0.961  ,  0.000  ,  0.000  ,  0.000  ,  0.000
227.90  ,  0.961  ,  0.000  ,  0.000  ,  0.000  ,  0.000
228.00  ,  0.961  ,  0.000  ,  0.000  ,  0.000  ,  0.000
228.10  ,  0.960  ,  0.000  ,  0.000  ,  0.000  ,  0.000
228.20  ,  0.960  ,  0.000  ,  0.000  ,  0.000  ,  0.000
228.30  ,  0.960  ,  0.000  ,  0.000  ,  0.000  ,  0.000
228.40  ,  0.960  ,  0.000  ,  0.000  ,  0.000  ,  0.000
228.50  ,  0.960  ,  0.000  ,  0.000  ,  0.000  ,  0.000
228.60  ,  0.960  ,  0.000  ,  0.000  ,  0.000  ,  0.000
228.70  ,  0.960  ,  0.000  ,  0.000  ,  0.000  ,  0.000
228.80  ,  0.960  ,  0.000  ,  0.000  ,  0.000  ,  0.000
228.90  ,  0.960  ,  0.000  ,  0.000  ,  0.000  ,  0.000
229.00  ,  0.960  ,  0.000  ,  0.000  ,  0.000  ,  0.000
229.10  ,  0.959  ,  0.000  ,  0.000  ,  0.000  ,  0.000
229.20  ,  0.959  ,  0.000  ,  0.000  ,  0.000  ,  0.000
229.30  ,  0.959  ,  0.000  ,  0.000  ,  0.000  ,  0.000
229.40  ,  0.958  ,  0.000  ,  0.000  ,  0.000  ,  0.000
229.50  ,  0.955  ,  0.000  ,  0.000  ,  0.000  ,  0.000
229.60  ,  0.949  ,  0.000  ,  0.000  ,  0.000  ,  0.000
229.70  ,  0.956  ,  0.000  ,  0.000  ,  0.000  ,  0.000
229.80  ,  0.958  ,  0.000  ,  0.000  ,  0.000  ,  0.000
229.90  ,  0.958  ,  0.000  ,  0.000  ,  0.000  ,  0.000
230.00  ,  0.958  ,  0.000  ,  0.000  ,  0.000  ,  0.000
230.10  ,  0.958  ,  0.000  ,  0.000  ,  0.000  ,  0.000
230.20  ,  0.958  ,  0.000  ,  0.000  ,  0.000  ,  0.000
230.30  ,  0.958  ,  0.000  ,  0.000  ,  0.000  ,  0.000
230.40  ,  0.958  ,  0.000  ,  0.000  ,  0.000  ,  0.000
230.50  ,  0.957  ,  0.000  ,  0.000  ,  0.000  ,  0.000
230.60  ,  0.957  ,  0.000  ,  0.000  ,  0.000  ,  0.000
230.70  ,  0.956  ,  0.000  ,  0.000  ,  0.000  ,  0.000
230.80  ,  0.955  ,  0.000  ,  0.000  ,  0.000  ,  0.000
230.90  ,  0.953  ,  0.000  ,  0.000  ,  0.000  ,  0.000
231.00  ,  0.949  ,  0.000  ,  0.000  ,  0.000  ,  0.000
231.10  ,  0.941  ,  0.000  ,  0.000  ,  0.000  ,  0.000
231.20  ,  0.919  ,  0.000  ,  0.000  ,  0.000  ,  0.000
231.30  ,  0.863  ,  0.000  ,  0.000  ,  0.000  ,  0.000
231.40  ,  0.930  ,  0.000  ,  0.000  ,  0.000  ,  0.000
231.50  ,  0.944  ,  0.000  ,  0.000  ,  0.000  ,  0.000
231.60  ,  0.950  ,  0.000  ,  0.000  ,  0.000  ,  0.000
231.70  ,  0.952  ,  0.000  ,  0.000  ,  0.000  ,  0.000
231.80  ,  0.954  ,  0.000  ,  0.000  ,  0.000  ,  0.000
231.90  ,  0.954  ,  0.000  ,  0.000  ,  0.000  ,  0.000
232.00  ,  0.954  ,  0.000  ,  0.000  ,  0.000  ,  0.000
232.10  ,  0.955  ,  0.000  ,  0.000  ,  0.000  ,  0.000
232.20  ,  0.955  ,  0.000  ,  0.000  ,  0.000  ,  0.000
232.30  ,  0.955  ,  0.000  ,  0.000  ,  0.000  ,  0.000
232.40  ,  0.955  ,  0.000  ,  0.000  ,  0.000  ,  0.000
232.50  ,  0.954  ,  0.000  ,  0.000  ,  0.000  ,  0.000
232.60  ,  0.954  ,  0.000  ,  0.000  ,  0.000  ,  0.000
232.70  ,  0.953  ,  0.000  ,  0.000  ,  0.000  ,  0.000
232.80  ,  0.953  ,  0.000  ,  0.000  ,  0.000  ,  0.000
232.90  ,  0.952  ,  0.000  ,  0.000  ,  0.000  ,  0.000
233.00  ,  0.951  ,  0.000  ,  0.000  ,  0.000  ,  0.000
233.10  ,  0.950  ,  0.000  ,  0.000  ,  0.000  ,  0.000
233.20  ,  0.949  ,  0.000  ,  0.000  ,  0.000  ,  0.000
233.30  ,  0.947  ,  0.000  ,  0.000  ,  0.000  ,  0.000
233.40  ,  0.945  ,  0.000  ,  0.000  ,  0.000  ,  0.000
233.50  ,  0.942  ,  0.000  ,  0.000  ,  0.000  ,  0.000
233.60  ,  0.939  ,  0.000  ,  0.000  ,  0.000  ,  0.000
233.70  ,  0.935  ,  0.000  ,  0.000  ,  0.000  ,  0.000
233.80  ,  0.929  ,  0.000  ,  0.000  ,  0.000  ,  0.000
233.90  ,  0.916  ,  0.000  ,  0.000  ,  0.000  ,  0.000
234.00  ,  0.917  ,  0.000  ,  0.000  ,  0.000  ,  0.000
234.10  ,  0.929  ,  0.000  ,  0.000  ,  0.000  ,  0.000
234.20  ,  0.934  ,  0.000  ,  0.000  ,  0.000  ,  0.000
234.30  ,  0.939  ,  0.000  ,  0.000  ,  0.000  ,  0.000
234.40  ,  0.941  ,  0.000  ,  0.000  ,  0.000  ,  0.000
234.50  ,  0.944  ,  0.000  ,  0.000  ,  0.000  ,  0.000
234.60  ,  0.945  ,  0.000  ,  0.000  ,  0.000  ,  0.000
234.70  ,  0.947  ,  0.000  ,  0.000  ,  0.000  ,  0.000
234.80  ,  0.947  ,  0.000  ,  0.000  ,  0.000  ,  0.000
234.90  ,  0.948  ,  0.000  ,  0.000  ,  0.000  ,  0.000
235.00  ,  0.948  ,  0.000  ,  0.000  ,  0.000  ,  0.000
235.10  ,  0.948  ,  0.000  ,  0.000  ,  0.000  ,  0.000
235.20  ,  0.947  ,  0.000  ,  0.000  ,  0.000  ,  0.000
235.30  ,  0.945  ,  0.000  ,  0.000  ,  0.000  ,  0.000
235.40  ,  0.942  ,  0.000  ,  0.000  ,  0.000  ,  0.000
235.50  ,  0.934  ,  0.000  ,  0.000  ,  0.000  ,  0.000
235.60  ,  0.912  ,  0.000  ,  0.000  ,  0.000  ,  0.000
235.70  ,  0.800  ,  0.000  ,  0.000  ,  0.000  ,  0.000
235.80  ,  0.906  ,  0.000  ,  0.000  ,  0.000  ,  0.000
235.90  ,  0.934  ,  0.000  ,  0.000  ,  0.000  ,  0.000
236.00  ,  0.944  ,  0.000  ,  0.000  ,  0.000  ,  0.000
236.10  ,  0.948  ,  0.000  ,  0.000  ,  0.000  ,  0.000
236.20  ,  0.951  ,  0.000  ,  0.000  ,  0.000  ,  0.000
236.30  ,  0.952  ,  0.000  ,  0.000  ,  0.000  ,  0.000
236.40  ,  0.952  ,  0.000  ,  0.000  ,  0.000  ,  0.000
236.50  ,  0.952  ,  0.000  ,  0.000  ,  0.000  ,  0.000
236.60  ,  0.951  ,  0.000  ,  0.000  ,  0.000  ,  0.000
236.70  ,  0.949  ,  0.000  ,  0.000  ,  0.000  ,  0.000
236.80  ,  0.947  ,  0.000  ,  0.000  ,  0.000  ,  0.000
236.90  ,  0.941  ,  0.000  ,  0.000  ,  0.000  ,  0.000
237.00  ,  0.926  ,  0.000  ,  0.000  ,  0.000  ,  0.000
237.10  ,  0.871  ,  0.000  ,  0.000  ,  0.000  ,  0.000
237.20  ,  0.880  ,  0.000  ,  0.000  ,  0.000  ,  0.000
237.30  ,  0.928  ,  0.000  ,  0.000  ,  0.000  ,  0.000
237.40  ,  0.942  ,  0.000  ,  0.000  ,  0.000  ,  0.000
237.50  ,  0.947  ,  0.000  ,  0.000  ,  0.000  ,  0.000
237.60  ,  0.950  ,  0.000  ,  0.000  ,  0.000  ,  0.000
237.70  ,  0.952  ,  0.000  ,  0.000  ,  0.000  ,  0.000
237.80  ,  0.953  ,  0.000  ,  0.000  ,  0.000  ,  0.000
237.90  ,  0.953  ,  0.000  ,  0.000  ,  0.000  ,  0.000
238.00  ,  0.954  ,  0.000  ,  0.000  ,  0.000  ,  0.000
238.10  ,  0.954  ,  0.000  ,  0.000  ,  0.000  ,  0.000
238.20  ,  0.954  ,  0.000  ,  0.000  ,  0.000  ,  0.000
238.30  ,  0.953  ,  0.000  ,  0.000  ,  0.000  ,  0.000
238.40  ,  0.950  ,  0.000  ,  0.000  ,  0.000  ,  0.000
238.50  ,  0.950  ,  0.000  ,  0.000  ,  0.000  ,  0.000
238.60  ,  0.950  ,  0.000  ,  0.000  ,  0.000  ,  0.000
238.70  ,  0.948  ,  0.000  ,  0.000  ,  0.000  ,  0.000
238.80  ,  0.944  ,  0.000  ,  0.000  ,  0.000  ,  0.000
238.90  ,  0.934  ,  0.000  ,  0.000  ,  0.000  ,  0.000
239.00  ,  0.908  ,  0.000  ,  0.000  ,  0.000  ,  0.000
239.10  ,  0.793  ,  0.000  ,  0.000  ,  0.000  ,  0.000
239.20  ,  0.913  ,  0.000  ,  0.000  ,  0.000  ,  0.000
239.30  ,  0.934  ,  0.000  ,  0.000  ,  0.000  ,  0.000
239.40  ,  0.942  ,  0.000  ,  0.000  ,  0.000  ,  0.000
239.50  ,  0.946  ,  0.000  ,  0.000  ,  0.000  ,  0.000
239.60  ,  0.947  ,  0.000  ,  0.000  ,  0.000  ,  0.000
239.70  ,  0.949  ,  0.000  ,  0.000  ,  0.000  ,  0.000
239.80  ,  0.949  ,  0.000  ,  0.000  ,  0.000  ,  0.000
239.90  ,  0.949  ,  0.000  ,  0.000  ,  0.000  ,  0.000
240.00  ,  0.949  ,  0.000  ,  0.000  ,  0.000  ,  0.000
240.10  ,  0.952  ,  0.000  ,  0.000  ,  0.000  ,  0.000
240.20  ,  0.952  ,  0.000  ,  0.000  ,  0.000  ,  0.000
240.30  ,  0.952  ,  0.000  ,  0.000  ,  0.000  ,  0.000
240.40  ,  0.953  ,  0.000  ,  0.000  ,  0.000  ,  0.000
240.50  ,  0.953  ,  0.000  ,  0.000  ,  0.000  ,  0.000
240.60  ,  0.954  ,  0.000  ,  0.000  ,  0.000  ,  0.000
240.70  ,  0.954  ,  0.000  ,  0.000  ,  0.000  ,  0.000
240.80  ,  0.954  ,  0.000  ,  0.000  ,  0.000  ,  0.000
240.90  ,  0.953  ,  0.000  ,  0.000  ,  0.000  ,  0.000
241.00  ,  0.954  ,  0.000  ,  0.000  ,  0.000  ,  0.000
241.10  ,  0.954  ,  0.000  ,  0.000  ,  0.000  ,  0.000
241.20  ,  0.951  ,  0.000  ,  0.000  ,  0.000  ,  0.000
241.30  ,  0.952  ,  0.000  ,  0.000  ,  0.000  ,  0.000
241.40  ,  0.953  ,  0.000  ,  0.000  ,  0.000  ,  0.000
241.50  ,  0.953  ,  0.000  ,  0.000  ,  0.000  ,  0.000
241.60  ,  0.952  ,  0.000  ,  0.000  ,  0.000  ,  0.000
241.70  ,  0.951  ,  0.000  ,  0.000  ,  0.000  ,  0.000
241.80  ,  0.950  ,  0.000  ,  0.000  ,  0.000  ,  0.000
241.90  ,  0.948  ,  0.000  ,  0.000  ,  0.000  ,  0.000
242.00  ,  0.944  ,  0.000  ,  0.000  ,  0.000  ,  0.000
242.10  ,  0.936  ,  0.000  ,  0.000  ,  0.000  ,  0.000
242.20  ,  0.916  ,  0.000  ,  0.000  ,  0.000  ,  0.000
242.30  ,  0.824  ,  0.000  ,  0.000  ,  0.000  ,  0.000
242.40  ,  0.899  ,  0.000  ,  0.000  ,  0.000  ,  0.000
242.50  ,  0.930  ,  0.000  ,  0.000  ,  0.000  ,  0.000
242.60  ,  0.940  ,  0.000  ,  0.000  ,  0.000  ,  0.000
242.70  ,  0.945  ,  0.000  ,  0.000  ,  0.000  ,  0.000
242.80  ,  0.947  ,  0.000  ,  0.000  ,  0.000  ,  0.000
242.90  ,  0.947  ,  0.000  ,  0.000  ,  0.000  ,  0.000
243.00  ,  0.946  ,  0.000  ,  0.000  ,  0.000  ,  0.000
243.10  ,  0.944  ,  0.000  ,  0.000  ,  0.000  ,  0.000
243.20  ,  0.939  ,  0.000  ,  0.000  ,  0.000  ,  0.000
243.30  ,  0.926  ,  0.000  ,  0.000  ,  0.000  ,  0.000
243.40  ,  0.883  ,  0.000  ,  0.000  ,  0.000  ,  0.000
243.50  ,  0.876  ,  0.000  ,  0.000  ,  0.000  ,  0.000
243.60  ,  0.926  ,  0.000  ,  0.000  ,  0.000  ,  0.000
243.70  ,  0.939  ,  0.000  ,  0.000  ,  0.000  ,  0.000
243.80  ,  0.945  ,  0.000  ,  0.000  ,  0.000  ,  0.000
243.90  ,  0.947  ,  0.000  ,  0.000  ,  0.000  ,  0.000
244.00  ,  0.947  ,  0.000  ,  0.000  ,  0.000  ,  0.000
244.10  ,  0.940  ,  0.000  ,  0.000  ,  0.000  ,  0.000
244.20  ,  0.938  ,  0.000  ,  0.000  ,  0.000  ,  0.000
244.30  ,  0.949  ,  0.000  ,  0.000  ,  0.000  ,  0.000
244.40  ,  0.951  ,  0.000  ,  0.000  ,  0.000  ,  0.000
244.50  ,  0.954  ,  0.000  ,  0.000  ,  0.000  ,  0.000
244.60  ,  0.955  ,  0.000  ,  0.000  ,  0.000  ,  0.000
244.70  ,  0.955  ,  0.000  ,  0.000  ,  0.000  ,  0.000
244.80  ,  0.955  ,  0.000  ,  0.000  ,  0.000  ,  0.000
244.90  ,  0.955  ,  0.000  ,  0.000  ,  0.000  ,  0.000
245.00  ,  0.955  ,  0.000  ,  0.000  ,  0.000  ,  0.000
245.10  ,  0.956  ,  0.000  ,  0.000  ,  0.000  ,  0.000
245.20  ,  0.956  ,  0.000  ,  0.000  ,  0.000  ,  0.000
245.30  ,  0.956  ,  0.000  ,  0.000  ,  0.000  ,  0.000
245.40  ,  0.956  ,  0.000  ,  0.000  ,  0.000  ,  0.000
245.50  ,  0.956  ,  0.000  ,  0.000  ,  0.000  ,  0.000
245.60  ,  0.956  ,  0.000  ,  0.000  ,  0.000  ,  0.000
245.70  ,  0.956  ,  0.000  ,  0.000  ,  0.000  ,  0.000
245.80  ,  0.955  ,  0.000  ,  0.000  ,  0.000  ,  0.000
245.90  ,  0.956  ,  0.000  ,  0.000  ,  0.000  ,  0.000
246.00  ,  0.956  ,  0.000  ,  0.000  ,  0.000  ,  0.000
246.10  ,  0.956  ,  0.000  ,  0.000  ,  0.000  ,  0.000
246.20  ,  0.956  ,  0.000  ,  0.000  ,  0.000  ,  0.000
246.30  ,  0.955  ,  0.000  ,  0.000  ,  0.000  ,  0.000
246.40  ,  0.955  ,  0.000  ,  0.000  ,  0.000  ,  0.000
246.50  ,  0.954  ,  0.000  ,  0.000  ,  0.000  ,  0.000
246.60  ,  0.955  ,  0.000  ,  0.000  ,  0.000  ,  0.000
246.70  ,  0.955  ,  0.000  ,  0.000  ,  0.000  ,  0.000
246.80  ,  0.954  ,  0.000  ,  0.000  ,  0.000  ,  0.000
246.90  ,  0.954  ,  0.000  ,  0.000  ,  0.000  ,  0.000
247.00  ,  0.954  ,  0.000  ,  0.000  ,  0.000  ,  0.000
247.10  ,  0.954  ,  0.000  ,  0.000  ,  0.000  ,  0.000
247.20  ,  0.953  ,  0.000  ,  0.000  ,  0.000  ,  0.000
247.30  ,  0.952  ,  0.000  ,  0.000  ,  0.000  ,  0.000
247.40  ,  0.951  ,  0.000  ,  0.000  ,  0.000  ,  0.000
247.50  ,  0.949  ,  0.000  ,  0.000  ,  0.000  ,  0.000
247.60  ,  0.946  ,  0.000  ,  0.000  ,  0.000  ,  0.000
247.70  ,  0.937  ,  0.000  ,  0.000  ,  0.000  ,  0.000
247.80  ,  0.930  ,  0.000  ,  0.000  ,  0.000  ,  0.000
247.90  ,  0.937  ,  0.000  ,  0.000  ,  0.000  ,  0.000
248.00  ,  0.930  ,  0.000  ,  0.000  ,  0.000  ,  0.000
248.10  ,  0.903  ,  0.000  ,  0.000  ,  0.000  ,  0.000
248.20  ,  0.825  ,  0.000  ,  0.000  ,  0.000  ,  0.000
248.30  ,  0.917  ,  0.000  ,  0.000  ,  0.000  ,  0.000
248.40  ,  0.936  ,  0.000  ,  0.000  ,  0.000  ,  0.000
248.50  ,  0.943  ,  0.000  ,  0.000  ,  0.000  ,  0.000
248.60  ,  0.946  ,  0.000  ,  0.000  ,  0.000  ,  0.000
248.70  ,  0.948  ,  0.000  ,  0.000  ,  0.000  ,  0.000
248.80  ,  0.949  ,  0.000  ,  0.000  ,  0.000  ,  0.000
248.90  ,  0.949  ,  0.000  ,  0.000  ,  0.000  ,  0.000
249.00  ,  0.949  ,  0.000  ,  0.000  ,  0.000  ,  0.000
249.10  ,  0.948  ,  0.000  ,  0.000  ,  0.000  ,  0.000
249.20  ,  0.948  ,  0.000  ,  0.000  ,  0.000  ,  0.000
249.30  ,  0.946  ,  0.000  ,  0.000  ,  0.000  ,  0.000
249.40  ,  0.943  ,  0.000  ,  0.000  ,  0.000  ,  0.000
249.50  ,  0.938  ,  0.000  ,  0.000  ,  0.000  ,  0.000
249.60  ,  0.928  ,  0.000  ,  0.000  ,  0.000  ,  0.000
249.70  ,  0.902  ,  0.000  ,  0.000  ,  0.000  ,  0.000
249.80  ,  0.819  ,  0.000  ,  0.000  ,  0.000  ,  0.000
249.90  ,  0.860  ,  0.000  ,  0.000  ,  0.000  ,  0.000
250.00  ,  0.851  ,  0.000  ,  0.000  ,  0.000  ,  0.000
250.10  ,  0.914  ,  0.000  ,  0.000  ,  0.000  ,  0.000
250.20  ,  0.931  ,  0.000  ,  0.000  ,  0.000  ,  0.000
250.30  ,  0.939  ,  0.000  ,  0.000  ,  0.000  ,  0.000
250.40  ,  0.944  ,  0.000  ,  0.000  ,  0.000  ,  0.000
250.50  ,  0.947  ,  0.000  ,  0.000  ,  0.000  ,  0.000
250.60  ,  0.949  ,  0.000  ,  0.000  ,  0.000  ,  0.000
250.70  ,  0.950  ,  0.000  ,  0.000  ,  0.000  ,  0.000
250.80  ,  0.952  ,  0.000  ,  0.000  ,  0.000  ,  0.000
250.90  ,  0.952  ,  0.000  ,  0.000  ,  0.000  ,  0.000
251.00  ,  0.954  ,  0.000  ,  0.000  ,  0.000  ,  0.000
251.10  ,  0.954  ,  0.000  ,  0.000  ,  0.000  ,  0.000
251.20  ,  0.954  ,  0.000  ,  0.000  ,  0.000  ,  0.000
251.30  ,  0.954  ,  0.000  ,  0.000  ,  0.000  ,  0.000
251.40  ,  0.954  ,  0.000  ,  0.000  ,  0.000  ,  0.000
251.50  ,  0.954  ,  0.000  ,  0.000  ,  0.000  ,  0.000
251.60  ,  0.954  ,  0.000  ,  0.000  ,  0.000  ,  0.000
251.70  ,  0.954  ,  0.000  ,  0.000  ,  0.000  ,  0.000
251.80  ,  0.954  ,  0.000  ,  0.000  ,  0.000  ,  0.000
251.90  ,  0.954  ,  0.000  ,  0.000  ,  0.000  ,  0.000
252.00  ,  0.954  ,  0.000  ,  0.000  ,  0.000  ,  0.000
252.10  ,  0.954  ,  0.000  ,  0.000  ,  0.000  ,  0.000
252.20  ,  0.954  ,  0.000  ,  0.000  ,  0.000  ,  0.000
252.30  ,  0.954  ,  0.000  ,  0.000  ,  0.000  ,  0.000
252.40  ,  0.954  ,  0.000  ,  0.000  ,  0.000  ,  0.000
252.50  ,  0.953  ,  0.000  ,  0.000  ,  0.000  ,  0.000
252.60  ,  0.953  ,  0.000  ,  0.000  ,  0.000  ,  0.000
252.70  ,  0.953  ,  0.000  ,  0.000  ,  0.000  ,  0.000
252.80  ,  0.953  ,  0.000  ,  0.000  ,  0.000  ,  0.000
252.90  ,  0.954  ,  0.000  ,  0.000  ,  0.000  ,  0.000
253.00  ,  0.954  ,  0.000  ,  0.000  ,  0.000  ,  0.000
253.10  ,  0.954  ,  0.000  ,  0.000  ,  0.000  ,  0.000
253.20  ,  0.954  ,  0.000  ,  0.000  ,  0.000  ,  0.000
253.30  ,  0.954  ,  0.000  ,  0.000  ,  0.000  ,  0.000
253.40  ,  0.953  ,  0.000  ,  0.000  ,  0.000  ,  0.000
253.50  ,  0.954  ,  0.000  ,  0.000  ,  0.000  ,  0.000
253.60  ,  0.954  ,  0.000  ,  0.000  ,  0.000  ,  0.000
253.70  ,  0.953  ,  0.000  ,  0.000  ,  0.000  ,  0.000
253.80  ,  0.953  ,  0.000  ,  0.000  ,  0.000  ,  0.000
253.90  ,  0.953  ,  0.000  ,  0.000  ,  0.000  ,  0.000
254.00  ,  0.953  ,  0.000  ,  0.000  ,  0.000  ,  0.000
254.10  ,  0.953  ,  0.000  ,  0.000  ,  0.000  ,  0.000
254.20  ,  0.953  ,  0.000  ,  0.000  ,  0.000  ,  0.000
254.30  ,  0.952  ,  0.000  ,  0.000  ,  0.000  ,  0.000
254.40  ,  0.953  ,  0.000  ,  0.000  ,  0.000  ,  0.000
254.50  ,  0.953  ,  0.000  ,  0.000  ,  0.000  ,  0.000
254.60  ,  0.953  ,  0.000  ,  0.000  ,  0.000  ,  0.000
254.70  ,  0.953  ,  0.000  ,  0.000  ,  0.000  ,  0.000
254.80  ,  0.953  ,  0.000  ,  0.000  ,  0.000  ,  0.000
254.90  ,  0.953  ,  0.000  ,  0.000  ,  0.000  ,  0.000
255.00  ,  0.953  ,  0.000  ,  0.000  ,  0.000  ,  0.000
255.10  ,  0.953  ,  0.000  ,  0.000  ,  0.000  ,  0.000
255.20  ,  0.953  ,  0.000  ,  0.000  ,  0.000  ,  0.000
255.30  ,  0.953  ,  0.000  ,  0.000  ,  0.000  ,  0.000
255.40  ,  0.953  ,  0.000  ,  0.000  ,  0.000  ,  0.000
255.50  ,  0.953  ,  0.000  ,  0.000  ,  0.000  ,  0.000
255.60  ,  0.953  ,  0.000  ,  0.000  ,  0.000  ,  0.000
255.70  ,  0.953  ,  0.000  ,  0.000  ,  0.000  ,  0.000
255.80  ,  0.953  ,  0.000  ,  0.000  ,  0.000  ,  0.000
255.90  ,  0.953  ,  0.000  ,  0.000  ,  0.000  ,  0.000
256.00  ,  0.953  ,  0.000  ,  0.000  ,  0.000  ,  0.000
256.10  ,  0.953  ,  0.000  ,  0.000  ,  0.000  ,  0.000
256.20  ,  0.953  ,  0.000  ,  0.000  ,  0.000  ,  0.000
256.30  ,  0.953  ,  0.000  ,  0.000  ,  0.000  ,  0.000
256.40  ,  0.952  ,  0.000  ,  0.000  ,  0.000  ,  0.000
256.50  ,  0.952  ,  0.000  ,  0.000  ,  0.000  ,  0.000
256.60  ,  0.952  ,  0.000  ,  0.000  ,  0.000  ,  0.000
256.70  ,  0.952  ,  0.000  ,  0.000  ,  0.000  ,  0.000
256.80  ,  0.952  ,  0.000  ,  0.000  ,  0.000  ,  0.000
256.90  ,  0.952  ,  0.000  ,  0.000  ,  0.000  ,  0.000
257.00  ,  0.952  ,  0.000  ,  0.000  ,  0.000  ,  0.000
257.10  ,  0.952  ,  0.000  ,  0.000  ,  0.000  ,  0.000
257.20  ,  0.952  ,  0.000  ,  0.000  ,  0.000  ,  0.000
257.30  ,  0.951  ,  0.000  ,  0.000  ,  0.000  ,  0.000
257.40  ,  0.951  ,  0.000  ,  0.000  ,  0.000  ,  0.000
257.50  ,  0.951  ,  0.000  ,  0.000  ,  0.000  ,  0.000
257.60  ,  0.951  ,  0.000  ,  0.000  ,  0.000  ,  0.000
257.70  ,  0.950  ,  0.000  ,  0.000  ,  0.000  ,  0.000
257.80  ,  0.949  ,  0.000  ,  0.000  ,  0.000  ,  0.000
257.90  ,  0.949  ,  0.000  ,  0.000  ,  0.000  ,  0.000
258.00  ,  0.947  ,  0.000  ,  0.000  ,  0.000  ,  0.000
258.10  ,  0.944  ,  0.000  ,  0.000  ,  0.000  ,  0.000
258.20  ,  0.925  ,  0.000  ,  0.000  ,  0.000  ,  0.000
258.30  ,  0.940  ,  0.000  ,  0.000  ,  0.000  ,  0.000
258.40  ,  0.940  ,  0.000  ,  0.000  ,  0.000  ,  0.000
258.50  ,  0.934  ,  0.000  ,  0.000  ,  0.000  ,  0.000
258.60  ,  0.917  ,  0.000  ,  0.000  ,  0.000  ,  0.000
258.70  ,  0.836  ,  0.000  ,  0.000  ,  0.000  ,  0.000
258.80  ,  0.906  ,  0.000  ,  0.000  ,  0.000  ,  0.000
258.90  ,  0.931  ,  0.000  ,  0.000  ,  0.000  ,  0.000
259.00  ,  0.940  ,  0.000  ,  0.000  ,  0.000  ,  0.000
259.10  ,  0.944  ,  0.000  ,  0.000  ,  0.000  ,  0.000
259.20  ,  0.946  ,  0.000  ,  0.000  ,  0.000  ,  0.000
259.30  ,  0.948  ,  0.000  ,  0.000  ,  0.000  ,  0.000
259.40  ,  0.949  ,  0.000  ,  0.000  ,  0.000  ,  0.000
259.50  ,  0.949  ,  0.000  ,  0.000  ,  0.000  ,  0.000
259.60  ,  0.950  ,  0.000  ,  0.000  ,  0.000  ,  0.000
259.70  ,  0.950  ,  0.000  ,  0.000  ,  0.000  ,  0.000
259.80  ,  0.951  ,  0.000  ,  0.000  ,  0.000  ,  0.000
259.90  ,  0.951  ,  0.000  ,  0.000  ,  0.000  ,  0.000
260.00  ,  0.951  ,  0.000  ,  0.000  ,  0.000  ,  0.000
260.10  ,  0.951  ,  0.000  ,  0.000  ,  0.000  ,  0.000
260.20  ,  0.951  ,  0.000  ,  0.000  ,  0.000  ,  0.000
260.30  ,  0.951  ,  0.000  ,  0.000  ,  0.000  ,  0.000
260.40  ,  0.951  ,  0.000  ,  0.000  ,  0.000  ,  0.000
260.50  ,  0.951  ,  0.000  ,  0.000  ,  0.000  ,  0.000
260.60  ,  0.951  ,  0.000  ,  0.000  ,  0.000  ,  0.000
260.70  ,  0.951  ,  0.000  ,  0.000  ,  0.000  ,  0.000
260.80  ,  0.950  ,  0.000  ,  0.000  ,  0.000  ,  0.000
260.90  ,  0.951  ,  0.000  ,  0.000  ,  0.000  ,  0.000
261.00  ,  0.951  ,  0.000  ,  0.000  ,  0.000  ,  0.000
261.10  ,  0.951  ,  0.000  ,  0.000  ,  0.000  ,  0.000
261.20  ,  0.951  ,  0.000  ,  0.000  ,  0.000  ,  0.000
261.30  ,  0.951  ,  0.000  ,  0.000  ,  0.000  ,  0.000
261.40  ,  0.951  ,  0.000  ,  0.000  ,  0.000  ,  0.000
261.50  ,  0.951  ,  0.000  ,  0.000  ,  0.000  ,  0.000
261.60  ,  0.950  ,  0.000  ,  0.000  ,  0.000  ,  0.000
261.70  ,  0.950  ,  0.000  ,  0.000  ,  0.000  ,  0.000
261.80  ,  0.950  ,  0.000  ,  0.000  ,  0.000  ,  0.000
261.90  ,  0.950  ,  0.000  ,  0.000  ,  0.000  ,  0.000
262.00  ,  0.950  ,  0.000  ,  0.000  ,  0.000  ,  0.000
262.10  ,  0.949  ,  0.000  ,  0.000  ,  0.000  ,  0.000
262.20  ,  0.949  ,  0.000  ,  0.000  ,  0.000  ,  0.000
262.30  ,  0.949  ,  0.000  ,  0.000  ,  0.000  ,  0.000
262.40  ,  0.948  ,  0.000  ,  0.000  ,  0.000  ,  0.000
262.50  ,  0.947  ,  0.000  ,  0.000  ,  0.000  ,  0.000
262.60  ,  0.946  ,  0.000  ,  0.000  ,  0.000  ,  0.000
262.70  ,  0.943  ,  0.000  ,  0.000  ,  0.000  ,  0.000
262.80  ,  0.934  ,  0.000  ,  0.000  ,  0.000  ,  0.000
262.90  ,  0.930  ,  0.000  ,  0.000  ,  0.000  ,  0.000
263.00  ,  0.941  ,  0.000  ,  0.000  ,  0.000  ,  0.000
263.10  ,  0.943  ,  0.000  ,  0.000  ,  0.000  ,  0.000
263.20  ,  0.941  ,  0.000  ,  0.000  ,  0.000  ,  0.000
263.30  ,  0.941  ,  0.000  ,  0.000  ,  0.000  ,  0.000
263.40  ,  0.938  ,  0.000  ,  0.000  ,  0.000  ,  0.000
263.50  ,  0.930  ,  0.000  ,  0.000  ,  0.000  ,  0.000
263.60  ,  0.906  ,  0.000  ,  0.000  ,  0.000  ,  0.000
263.70  ,  0.801  ,  0.000  ,  0.000  ,  0.000  ,  0.000
263.80  ,  0.910  ,  0.000  ,  0.000  ,  0.000  ,  0.000
263.90  ,  0.925  ,  0.000  ,  0.000  ,  0.000  ,  0.000
264.00  ,  0.937  ,  0.000  ,  0.000  ,  0.000  ,  0.000
264.10  ,  0.942  ,  0.000  ,  0.000  ,  0.000  ,  0.000
264.20  ,  0.944  ,  0.000  ,  0.000  ,  0.000  ,  0.000
264.30  ,  0.945  ,  0.000  ,  0.000  ,  0.000  ,  0.000
264.40  ,  0.946  ,  0.000  ,  0.000  ,  0.000  ,  0.000
264.50  ,  0.946  ,  0.000  ,  0.000  ,  0.000  ,  0.000
264.60  ,  0.946  ,  0.000  ,  0.000  ,  0.000  ,  0.000
264.70  ,  0.946  ,  0.000  ,  0.000  ,  0.000  ,  0.000
264.80  ,  0.943  ,  0.000  ,  0.000  ,  0.000  ,  0.000
264.90  ,  0.930  ,  0.000  ,  0.000  ,  0.000  ,  0.000
265.00  ,  0.939  ,  0.000  ,  0.000  ,  0.000  ,  0.000
265.10  ,  0.945  ,  0.000  ,  0.000  ,  0.000  ,  0.000
265.20  ,  0.946  ,  0.000  ,  0.000  ,  0.000  ,  0.000
265.30  ,  0.947  ,  0.000  ,  0.000  ,  0.000  ,  0.000
265.40  ,  0.948  ,  0.000  ,  0.000  ,  0.000  ,  0.000
265.50  ,  0.948  ,  0.000  ,  0.000  ,  0.000  ,  0.000
265.60  ,  0.948  ,  0.000  ,  0.000  ,  0.000  ,  0.000
265.70  ,  0.948  ,  0.000  ,  0.000  ,  0.000  ,  0.000
265.80  ,  0.948  ,  0.000  ,  0.000  ,  0.000  ,  0.000
265.90  ,  0.948  ,  0.000  ,  0.000  ,  0.000  ,  0.000
266.00  ,  0.948  ,  0.000  ,  0.000  ,  0.000  ,  0.000
266.10  ,  0.948  ,  0.000  ,  0.000  ,  0.000  ,  0.000
266.20  ,  0.947  ,  0.000  ,  0.000  ,  0.000  ,  0.000
266.30  ,  0.947  ,  0.000  ,  0.000  ,  0.000  ,  0.000
266.40  ,  0.947  ,  0.000  ,  0.000  ,  0.000  ,  0.000
266.50  ,  0.947  ,  0.000  ,  0.000  ,  0.000  ,  0.000
266.60  ,  0.946  ,  0.000  ,  0.000  ,  0.000  ,  0.000
266.70  ,  0.945  ,  0.000  ,  0.000  ,  0.000  ,  0.000
266.80  ,  0.944  ,  0.000  ,  0.000  ,  0.000  ,  0.000
266.90  ,  0.942  ,  0.000  ,  0.000  ,  0.000  ,  0.000
267.00  ,  0.938  ,  0.000  ,  0.000  ,  0.000  ,  0.000
267.10  ,  0.930  ,  0.000  ,  0.000  ,  0.000  ,  0.000
267.20  ,  0.904  ,  0.000  ,  0.000  ,  0.000  ,  0.000
267.30  ,  0.879  ,  0.000  ,  0.000  ,  0.000  ,  0.000
267.40  ,  0.925  ,  0.000  ,  0.000  ,  0.000  ,  0.000
267.50  ,  0.936  ,  0.000  ,  0.000  ,  0.000  ,  0.000
267.60  ,  0.941  ,  0.000  ,  0.000  ,  0.000  ,  0.000
267.70  ,  0.943  ,  0.000  ,  0.000  ,  0.000  ,  0.000
267.80  ,  0.945  ,  0.000  ,  0.000  ,  0.000  ,  0.000
267.90  ,  0.946  ,  0.000  ,  0.000  ,  0.000  ,  0.000
268.00  ,  0.946  ,  0.000  ,  0.000  ,  0.000  ,  0.000
268.10  ,  0.946  ,  0.000  ,  0.000  ,  0.000  ,  0.000
268.20  ,  0.946  ,  0.000  ,  0.000  ,  0.000  ,  0.000
268.30  ,  0.948  ,  0.000  ,  0.000  ,  0.000  ,  0.000
268.40  ,  0.948  ,  0.000  ,  0.000  ,  0.000  ,  0.000
268.50  ,  0.948  ,  0.000  ,  0.000  ,  0.000  ,  0.000
268.60  ,  0.947  ,  0.000  ,  0.000  ,  0.000  ,  0.000
268.70  ,  0.947  ,  0.000  ,  0.000  ,  0.000  ,  0.000
268.80  ,  0.948  ,  0.000  ,  0.000  ,  0.000  ,  0.000
268.90  ,  0.948  ,  0.000  ,  0.000  ,  0.000  ,  0.000
269.00  ,  0.948  ,  0.000  ,  0.000  ,  0.000  ,  0.000
269.10  ,  0.948  ,  0.000  ,  0.000  ,  0.000  ,  0.000
269.20  ,  0.948  ,  0.000  ,  0.000  ,  0.000  ,  0.000
269.30  ,  0.948  ,  0.000  ,  0.000  ,  0.000  ,  0.000
269.40  ,  0.948  ,  0.000  ,  0.000  ,  0.000  ,  0.000
269.50  ,  0.948  ,  0.000  ,  0.000  ,  0.000  ,  0.000
269.60  ,  0.948  ,  0.000  ,  0.000  ,  0.000  ,  0.000
269.70  ,  0.948  ,  0.000  ,  0.000  ,  0.000  ,  0.000
269.80  ,  0.948  ,  0.000  ,  0.000  ,  0.000  ,  0.000
269.90  ,  0.948  ,  0.000  ,  0.000  ,  0.000  ,  0.000
270.00  ,  0.948  ,  0.000  ,  0.000  ,  0.000  ,  0.000
270.10  ,  0.947  ,  0.000  ,  0.000  ,  0.000  ,  0.000
270.20  ,  0.947  ,  0.000  ,  0.000  ,  0.000  ,  0.000
270.30  ,  0.947  ,  0.000  ,  0.000  ,  0.000  ,  0.000
270.40  ,  0.947  ,  0.000  ,  0.000  ,  0.000  ,  0.000
270.50  ,  0.947  ,  0.000  ,  0.000  ,  0.000  ,  0.000
270.60  ,  0.947  ,  0.000  ,  0.000  ,  0.000  ,  0.000
270.70  ,  0.947  ,  0.000  ,  0.000  ,  0.000  ,  0.000
270.80  ,  0.947  ,  0.000  ,  0.000  ,  0.000  ,  0.000
270.90  ,  0.947  ,  0.000  ,  0.000  ,  0.000  ,  0.000
271.00  ,  0.946  ,  0.000  ,  0.000  ,  0.000  ,  0.000
271.10  ,  0.944  ,  0.000  ,  0.000  ,  0.000  ,  0.000
271.20  ,  0.946  ,  0.000  ,  0.000  ,  0.000  ,  0.000
271.30  ,  0.946  ,  0.000  ,  0.000  ,  0.000  ,  0.000
271.40  ,  0.946  ,  0.000  ,  0.000  ,  0.000  ,  0.000
271.50  ,  0.946  ,  0.000  ,  0.000  ,  0.000  ,  0.000
271.60  ,  0.946  ,  0.000  ,  0.000  ,  0.000  ,  0.000
271.70  ,  0.946  ,  0.000  ,  0.000  ,  0.000  ,  0.000
271.80  ,  0.946  ,  0.000  ,  0.000  ,  0.000  ,  0.000
271.90  ,  0.945  ,  0.000  ,  0.000  ,  0.000  ,  0.000
272.00  ,  0.945  ,  0.000  ,  0.000  ,  0.000  ,  0.000
272.10  ,  0.945  ,  0.000  ,  0.000  ,  0.000  ,  0.000
272.20  ,  0.945  ,  0.000  ,  0.000  ,  0.000  ,  0.000
272.30  ,  0.944  ,  0.000  ,  0.000  ,  0.000  ,  0.000
272.40  ,  0.943  ,  0.000  ,  0.000  ,  0.000  ,  0.000
272.50  ,  0.942  ,  0.000  ,  0.000  ,  0.000  ,  0.000
272.60  ,  0.941  ,  0.000  ,  0.000  ,  0.000  ,  0.000
272.70  ,  0.938  ,  0.000  ,  0.000  ,  0.000  ,  0.000
272.80  ,  0.933  ,  0.000  ,  0.000  ,  0.000  ,  0.000
272.90  ,  0.922  ,  0.000  ,  0.000  ,  0.000  ,  0.000
273.00  ,  0.883  ,  0.000  ,  0.000  ,  0.000  ,  0.000
273.10  ,  0.881  ,  0.000  ,  0.000  ,  0.000  ,  0.000
273.20  ,  0.922  ,  0.000  ,  0.000  ,  0.000  ,  0.000
273.30  ,  0.933  ,  0.000  ,  0.000  ,  0.000  ,  0.000
273.40  ,  0.937  ,  0.000  ,  0.000  ,  0.000  ,  0.000
273.50  ,  0.940  ,  0.000  ,  0.000  ,  0.000  ,  0.000
273.60  ,  0.941  ,  0.000  ,  0.000  ,  0.000  ,  0.000
273.70  ,  0.942  ,  0.000  ,  0.000  ,  0.000  ,  0.000
273.80  ,  0.942  ,  0.000  ,  0.000  ,  0.000  ,  0.000
273.90  ,  0.942  ,  0.000  ,  0.000  ,  0.000  ,  0.000
274.00  ,  0.941  ,  0.000  ,  0.000  ,  0.000  ,  0.000
274.10  ,  0.941  ,  0.000  ,  0.000  ,  0.000  ,  0.000
274.20  ,  0.939  ,  0.000  ,  0.000  ,  0.000  ,  0.000
274.30  ,  0.933  ,  0.000  ,  0.000  ,  0.000  ,  0.000
274.40  ,  0.918  ,  0.000  ,  0.000  ,  0.000  ,  0.000
274.50  ,  0.886  ,  0.000  ,  0.000  ,  0.000  ,  0.000
274.60  ,  0.927  ,  0.000  ,  0.000  ,  0.000  ,  0.000
274.70  ,  0.936  ,  0.000  ,  0.000  ,  0.000  ,  0.000
274.80  ,  0.940  ,  0.000  ,  0.000  ,  0.000  ,  0.000
274.90  ,  0.942  ,  0.000  ,  0.000  ,  0.000  ,  0.000
275.00  ,  0.943  ,  0.000  ,  0.000  ,  0.000  ,  0.000
275.10  ,  0.943  ,  0.000  ,  0.000  ,  0.000  ,  0.000
275.20  ,  0.943  ,  0.000  ,  0.000  ,  0.000  ,  0.000
275.30  ,  0.944  ,  0.000  ,  0.000  ,  0.000  ,  0.000
275.40  ,  0.944  ,  0.000  ,  0.000  ,  0.000  ,  0.000
275.50  ,  0.945  ,  0.000  ,  0.000  ,  0.000  ,  0.000
275.60  ,  0.945  ,  0.000  ,  0.000  ,  0.000  ,  0.000
275.70  ,  0.945  ,  0.000  ,  0.000  ,  0.000  ,  0.000
275.80  ,  0.945  ,  0.000  ,  0.000  ,  0.000  ,  0.000
275.90  ,  0.945  ,  0.000  ,  0.000  ,  0.000  ,  0.000
276.00  ,  0.944  ,  0.000  ,  0.000  ,  0.000  ,  0.000
276.10  ,  0.944  ,  0.000  ,  0.000  ,  0.000  ,  0.000
276.20  ,  0.944  ,  0.000  ,  0.000  ,  0.000  ,  0.000
276.30  ,  0.944  ,  0.000  ,  0.000  ,  0.000  ,  0.000
276.40  ,  0.944  ,  0.000  ,  0.000  ,  0.000  ,  0.000
276.50  ,  0.943  ,  0.000  ,  0.000  ,  0.000  ,  0.000
276.60  ,  0.942  ,  0.000  ,  0.000  ,  0.000  ,  0.000
276.70  ,  0.941  ,  0.000  ,  0.000  ,  0.000  ,  0.000
276.80  ,  0.937  ,  0.000  ,  0.000  ,  0.000  ,  0.000
276.90  ,  0.917  ,  0.000  ,  0.000  ,  0.000  ,  0.000
277.00  ,  0.932  ,  0.000  ,  0.000  ,  0.000  ,  0.000
277.10  ,  0.939  ,  0.000  ,  0.000  ,  0.000  ,  0.000
277.20  ,  0.941  ,  0.000  ,  0.000  ,  0.000  ,  0.000
277.30  ,  0.942  ,  0.000  ,  0.000  ,  0.000  ,  0.000
277.40  ,  0.943  ,  0.000  ,  0.000  ,  0.000  ,  0.000
277.50  ,  0.943  ,  0.000  ,  0.000  ,  0.000  ,  0.000
277.60  ,  0.944  ,  0.000  ,  0.000  ,  0.000  ,  0.000
277.70  ,  0.944  ,  0.000  ,  0.000  ,  0.000  ,  0.000
277.80  ,  0.944  ,  0.000  ,  0.000  ,  0.000  ,  0.000
277.90  ,  0.943  ,  0.000  ,  0.000  ,  0.000  ,  0.000
278.00  ,  0.944  ,  0.000  ,  0.000  ,  0.000  ,  0.000
278.10  ,  0.944  ,  0.000  ,  0.000  ,  0.000  ,  0.000
278.20  ,  0.944  ,  0.000  ,  0.000  ,  0.000  ,  0.000
278.30  ,  0.944  ,  0.000  ,  0.000  ,  0.000  ,  0.000
278.40  ,  0.943  ,  0.000  ,  0.000  ,  0.000  ,  0.000
278.50  ,  0.942  ,  0.000  ,  0.000  ,  0.000  ,  0.000
278.60  ,  0.943  ,  0.000  ,  0.000  ,  0.000  ,  0.000
278.70  ,  0.943  ,  0.000  ,  0.000  ,  0.000  ,  0.000
278.80  ,  0.943  ,  0.000  ,  0.000  ,  0.000  ,  0.000
278.90  ,  0.943  ,  0.000  ,  0.000  ,  0.000  ,  0.000
279.00  ,  0.942  ,  0.000  ,  0.000  ,  0.000  ,  0.000
279.10  ,  0.942  ,  0.000  ,  0.000  ,  0.000  ,  0.000
279.20  ,  0.940  ,  0.000  ,  0.000  ,  0.000  ,  0.000
279.30  ,  0.938  ,  0.000  ,  0.000  ,  0.000  ,  0.000
279.40  ,  0.932  ,  0.000  ,  0.000  ,  0.000  ,  0.000
279.50  ,  0.913  ,  0.000  ,  0.000  ,  0.000  ,  0.000
279.60  ,  0.934  ,  0.000  ,  0.000  ,  0.000  ,  0.000
279.70  ,  0.938  ,  0.000  ,  0.000  ,  0.000  ,  0.000
279.80  ,  0.938  ,  0.000  ,  0.000  ,  0.000  ,  0.000
279.90  ,  0.930  ,  0.000  ,  0.000  ,  0.000  ,  0.000
280.00  ,  0.939  ,  0.000  ,  0.000  ,  0.000  ,  0.000
280.10  ,  0.941  ,  0.000  ,  0.000  ,  0.000  ,  0.000
280.20  ,  0.942  ,  0.000  ,  0.000  ,  0.000  ,  0.000
280.30  ,  0.942  ,  0.000  ,  0.000  ,  0.000  ,  0.000
280.40  ,  0.942  ,  0.000  ,  0.000  ,  0.000  ,  0.000
280.50  ,  0.943  ,  0.000  ,  0.000  ,  0.000  ,  0.000
280.60  ,  0.943  ,  0.000  ,  0.000  ,  0.000  ,  0.000
280.70  ,  0.943  ,  0.000  ,  0.000  ,  0.000  ,  0.000
280.80  ,  0.942  ,  0.000  ,  0.000  ,  0.000  ,  0.000
280.90  ,  0.942  ,  0.000  ,  0.000  ,  0.000  ,  0.000
281.00  ,  0.940  ,  0.000  ,  0.000  ,  0.000  ,  0.000
281.10  ,  0.942  ,  0.000  ,  0.000  ,  0.000  ,  0.000
281.20  ,  0.942  ,  0.000  ,  0.000  ,  0.000  ,  0.000
281.30  ,  0.942  ,  0.000  ,  0.000  ,  0.000  ,  0.000
281.40  ,  0.942  ,  0.000  ,  0.000  ,  0.000  ,  0.000
281.50  ,  0.941  ,  0.000  ,  0.000  ,  0.000  ,  0.000
281.60  ,  0.942  ,  0.000  ,  0.000  ,  0.000  ,  0.000
281.70  ,  0.942  ,  0.000  ,  0.000  ,  0.000  ,  0.000
281.80  ,  0.942  ,  0.000  ,  0.000  ,  0.000  ,  0.000
281.90  ,  0.942  ,  0.000  ,  0.000  ,  0.000  ,  0.000
282.00  ,  0.941  ,  0.000  ,  0.000  ,  0.000  ,  0.000
282.10  ,  0.941  ,  0.000  ,  0.000  ,  0.000  ,  0.000
282.20  ,  0.941  ,  0.000  ,  0.000  ,  0.000  ,  0.000
282.30  ,  0.941  ,  0.000  ,  0.000  ,  0.000  ,  0.000
282.40  ,  0.941  ,  0.000  ,  0.000  ,  0.000  ,  0.000
282.50  ,  0.940  ,  0.000  ,  0.000  ,  0.000  ,  0.000
282.60  ,  0.939  ,  0.000  ,  0.000  ,  0.000  ,  0.000
282.70  ,  0.937  ,  0.000  ,  0.000  ,  0.000  ,  0.000
282.80  ,  0.927  ,  0.000  ,  0.000  ,  0.000  ,  0.000
282.90  ,  0.932  ,  0.000  ,  0.000  ,  0.000  ,  0.000
283.00  ,  0.938  ,  0.000  ,  0.000  ,  0.000  ,  0.000
283.10  ,  0.939  ,  0.000  ,  0.000  ,  0.000  ,  0.000
283.20  ,  0.940  ,  0.000  ,  0.000  ,  0.000  ,  0.000
283.30  ,  0.940  ,  0.000  ,  0.000  ,  0.000  ,  0.000
283.40  ,  0.941  ,  0.000  ,  0.000  ,  0.000  ,  0.000
283.50  ,  0.941  ,  0.000  ,  0.000  ,  0.000  ,  0.000
283.60  ,  0.941  ,  0.000  ,  0.000  ,  0.000  ,  0.000
283.70  ,  0.941  ,  0.000  ,  0.000  ,  0.000  ,  0.000
283.80  ,  0.941  ,  0.000  ,  0.000  ,  0.000  ,  0.000
283.90  ,  0.941  ,  0.000  ,  0.000  ,  0.000  ,  0.000
284.00  ,  0.941  ,  0.000  ,  0.000  ,  0.000  ,  0.000
284.10  ,  0.941  ,  0.000  ,  0.000  ,  0.000  ,  0.000
284.20  ,  0.941  ,  0.000  ,  0.000  ,  0.000  ,  0.000
284.30  ,  0.940  ,  0.000  ,  0.000  ,  0.000  ,  0.000
284.40  ,  0.940  ,  0.000  ,  0.000  ,  0.000  ,  0.000
284.50  ,  0.940  ,  0.000  ,  0.000  ,  0.000  ,  0.000
284.60  ,  0.940  ,  0.000  ,  0.000  ,  0.000  ,  0.000
284.70  ,  0.940  ,  0.000  ,  0.000  ,  0.000  ,  0.000
284.80  ,  0.940  ,  0.000  ,  0.000  ,  0.000  ,  0.000
284.90  ,  0.939  ,  0.000  ,  0.000  ,  0.000  ,  0.000
285.00  ,  0.939  ,  0.000  ,  0.000  ,  0.000  ,  0.000
285.10  ,  0.938  ,  0.000  ,  0.000  ,  0.000  ,  0.000
285.20  ,  0.937  ,  0.000  ,  0.000  ,  0.000  ,  0.000
285.30  ,  0.936  ,  0.000  ,  0.000  ,  0.000  ,  0.000
285.40  ,  0.935  ,  0.000  ,  0.000  ,  0.000  ,  0.000
285.50  ,  0.934  ,  0.000  ,  0.000  ,  0.000  ,  0.000
285.60  ,  0.932  ,  0.000  ,  0.000  ,  0.000  ,  0.000
285.70  ,  0.928  ,  0.000  ,  0.000  ,  0.000  ,  0.000
285.80  ,  0.923  ,  0.000  ,  0.000  ,  0.000  ,  0.000
285.90  ,  0.912  ,  0.000  ,  0.000  ,  0.000  ,  0.000
286.00  ,  0.884  ,  0.000  ,  0.000  ,  0.000  ,  0.000
286.10  ,  0.792  ,  0.000  ,  0.000  ,  0.000  ,  0.000
286.20  ,  0.831  ,  0.000  ,  0.000  ,  0.000  ,  0.000
286.30  ,  0.845  ,  0.000  ,  0.000  ,  0.000  ,  0.000
286.40  ,  0.904  ,  0.000  ,  0.000  ,  0.000  ,  0.000
286.50  ,  0.920  ,  0.000  ,  0.000  ,  0.000  ,  0.000
286.60  ,  0.926  ,  0.000  ,  0.000  ,  0.000  ,  0.000
286.70  ,  0.930  ,  0.000  ,  0.000  ,  0.000  ,  0.000
286.80  ,  0.932  ,  0.000  ,  0.000  ,  0.000  ,  0.000
286.90  ,  0.934  ,  0.000  ,  0.000  ,  0.000  ,  0.000
287.00  ,  0.934  ,  0.000  ,  0.000  ,  0.000  ,  0.000
287.10  ,  0.936  ,  0.000  ,  0.000  ,  0.000  ,  0.000
287.20  ,  0.937  ,  0.000  ,  0.000  ,  0.000  ,  0.000
287.30  ,  0.938  ,  0.000  ,  0.000  ,  0.000  ,  0.000
287.40  ,  0.938  ,  0.000  ,  0.000  ,  0.000  ,  0.000
287.50  ,  0.938  ,  0.000  ,  0.000  ,  0.000  ,  0.000
287.60  ,  0.937  ,  0.000  ,  0.000  ,  0.000  ,  0.000
287.70  ,  0.937  ,  0.000  ,  0.000  ,  0.000  ,  0.000
287.80  ,  0.937  ,  0.000  ,  0.000  ,  0.000  ,  0.000
287.90  ,  0.937  ,  0.000  ,  0.000  ,  0.000  ,  0.000
288.00  ,  0.936  ,  0.000  ,  0.000  ,  0.000  ,  0.000
288.10  ,  0.936  ,  0.000  ,  0.000  ,  0.000  ,  0.000
288.20  ,  0.935  ,  0.000  ,  0.000  ,  0.000  ,  0.000
288.30  ,  0.934  ,  0.000  ,  0.000  ,  0.000  ,  0.000
288.40  ,  0.933  ,  0.000  ,  0.000  ,  0.000  ,  0.000
288.50  ,  0.930  ,  0.000  ,  0.000  ,  0.000  ,  0.000
288.60  ,  0.927  ,  0.000  ,  0.000  ,  0.000  ,  0.000
288.70  ,  0.920  ,  0.000  ,  0.000  ,  0.000  ,  0.000
288.80  ,  0.905  ,  0.000  ,  0.000  ,  0.000  ,  0.000
288.90  ,  0.855  ,  0.000  ,  0.000  ,  0.000  ,  0.000
289.00  ,  0.830  ,  0.000  ,  0.000  ,  0.000  ,  0.000
289.10  ,  0.899  ,  0.000  ,  0.000  ,  0.000  ,  0.000
289.20  ,  0.918  ,  0.000  ,  0.000  ,  0.000  ,  0.000
289.30  ,  0.925  ,  0.000  ,  0.000  ,  0.000  ,  0.000
289.40  ,  0.929  ,  0.000  ,  0.000  ,  0.000  ,  0.000
289.50  ,  0.932  ,  0.000  ,  0.000  ,  0.000  ,  0.000
289.60  ,  0.933  ,  0.000  ,  0.000  ,  0.000  ,  0.000
289.70  ,  0.934  ,  0.000  ,  0.000  ,  0.000  ,  0.000
289.80  ,  0.935  ,  0.000  ,  0.000  ,  0.000  ,  0.000
289.90  ,  0.935  ,  0.000  ,  0.000  ,  0.000  ,  0.000
290.00  ,  0.937  ,  0.000  ,  0.000  ,  0.000  ,  0.000
290.10  ,  0.937  ,  0.000  ,  0.000  ,  0.000  ,  0.000
290.20  ,  0.937  ,  0.000  ,  0.000  ,  0.000  ,  0.000
290.30  ,  0.937  ,  0.000  ,  0.000  ,  0.000  ,  0.000
290.40  ,  0.937  ,  0.000  ,  0.000  ,  0.000  ,  0.000
290.50  ,  0.937  ,  0.000  ,  0.000  ,  0.000  ,  0.000
290.60  ,  0.936  ,  0.000  ,  0.000  ,  0.000  ,  0.000
290.70  ,  0.936  ,  0.000  ,  0.000  ,  0.000  ,  0.000
290.80  ,  0.935  ,  0.000  ,  0.000  ,  0.000  ,  0.000
290.90  ,  0.933  ,  0.000  ,  0.000  ,  0.000  ,  0.000
291.00  ,  0.929  ,  0.000  ,  0.000  ,  0.000  ,  0.000
291.10  ,  0.934  ,  0.000  ,  0.000  ,  0.000  ,  0.000
291.20  ,  0.935  ,  0.000  ,  0.000  ,  0.000  ,  0.000
291.30  ,  0.936  ,  0.000  ,  0.000  ,  0.000  ,  0.000
291.40  ,  0.936  ,  0.000  ,  0.000  ,  0.000  ,  0.000
291.50  ,  0.936  ,  0.000  ,  0.000  ,  0.000  ,  0.000
291.60  ,  0.936  ,  0.000  ,  0.000  ,  0.000  ,  0.000
291.70  ,  0.934  ,  0.000  ,  0.000  ,  0.000  ,  0.000
291.80  ,  0.936  ,  0.000  ,  0.000  ,  0.000  ,  0.000
291.90  ,  0.936  ,  0.000  ,  0.000  ,  0.000  ,  0.000
292.00  ,  0.936  ,  0.000  ,  0.000  ,  0.000  ,  0.000
292.10  ,  0.935  ,  0.000  ,  0.000  ,  0.000  ,  0.000
292.20  ,  0.935  ,  0.000  ,  0.000  ,  0.000  ,  0.000
292.30  ,  0.935  ,  0.000  ,  0.000  ,  0.000  ,  0.000
292.40  ,  0.934  ,  0.000  ,  0.000  ,  0.000  ,  0.000
292.50  ,  0.933  ,  0.000  ,  0.000  ,  0.000  ,  0.000
292.60  ,  0.933  ,  0.000  ,  0.000  ,  0.000  ,  0.000
292.70  ,  0.932  ,  0.000  ,  0.000  ,  0.000  ,  0.000
292.80  ,  0.930  ,  0.000  ,  0.000  ,  0.000  ,  0.000
292.90  ,  0.926  ,  0.000  ,  0.000  ,  0.000  ,  0.000
293.00  ,  0.919  ,  0.000  ,  0.000  ,  0.000  ,  0.000
293.10  ,  0.897  ,  0.000  ,  0.000  ,  0.000  ,  0.000
293.20  ,  0.867  ,  0.000  ,  0.000  ,  0.000  ,  0.000
293.30  ,  0.911  ,  0.000  ,  0.000  ,  0.000  ,  0.000
293.40  ,  0.920  ,  0.000  ,  0.000  ,  0.000  ,  0.000
293.50  ,  0.916  ,  0.000  ,  0.000  ,  0.000  ,  0.000
293.60  ,  0.919  ,  0.000  ,  0.000  ,  0.000  ,  0.000
293.70  ,  0.928  ,  0.000  ,  0.000  ,  0.000  ,  0.000
293.80  ,  0.930  ,  0.000  ,  0.000  ,  0.000  ,  0.000
293.90  ,  0.932  ,  0.000  ,  0.000  ,  0.000  ,  0.000
294.00  ,  0.933  ,  0.000  ,  0.000  ,  0.000  ,  0.000
294.10  ,  0.933  ,  0.000  ,  0.000  ,  0.000  ,  0.000
294.20  ,  0.934  ,  0.000  ,  0.000  ,  0.000  ,  0.000
294.30  ,  0.934  ,  0.000  ,  0.000  ,  0.000  ,  0.000
294.40  ,  0.934  ,  0.000  ,  0.000  ,  0.000  ,  0.000
294.50  ,  0.934  ,  0.000  ,  0.000  ,  0.000  ,  0.000
294.60  ,  0.934  ,  0.000  ,  0.000  ,  0.000  ,  0.000
294.70  ,  0.934  ,  0.000  ,  0.000  ,  0.000  ,  0.000
294.80  ,  0.934  ,  0.000  ,  0.000  ,  0.000  ,  0.000
294.90  ,  0.934  ,  0.000  ,  0.000  ,  0.000  ,  0.000
295.00  ,  0.934  ,  0.000  ,  0.000  ,  0.000  ,  0.000
295.10  ,  0.934  ,  0.000  ,  0.000  ,  0.000  ,  0.000
295.20  ,  0.934  ,  0.000  ,  0.000  ,  0.000  ,  0.000
295.30  ,  0.934  ,  0.000  ,  0.000  ,  0.000  ,  0.000
295.40  ,  0.933  ,  0.000  ,  0.000  ,  0.000  ,  0.000
295.50  ,  0.933  ,  0.000  ,  0.000  ,  0.000  ,  0.000
295.60  ,  0.933  ,  0.000  ,  0.000  ,  0.000  ,  0.000
295.70  ,  0.933  ,  0.000  ,  0.000  ,  0.000  ,  0.000
295.80  ,  0.933  ,  0.000  ,  0.000  ,  0.000  ,  0.000
295.90  ,  0.933  ,  0.000  ,  0.000  ,  0.000  ,  0.000
296.00  ,  0.933  ,  0.000  ,  0.000  ,  0.000  ,  0.000
296.10  ,  0.932  ,  0.000  ,  0.000  ,  0.000  ,  0.000
296.20  ,  0.933  ,  0.000  ,  0.000  ,  0.000  ,  0.000
296.30  ,  0.932  ,  0.000  ,  0.000  ,  0.000  ,  0.000
296.40  ,  0.932  ,  0.000  ,  0.000  ,  0.000  ,  0.000
296.50  ,  0.932  ,  0.000  ,  0.000  ,  0.000  ,  0.000
296.60  ,  0.932  ,  0.000  ,  0.000  ,  0.000  ,  0.000
296.70  ,  0.932  ,  0.000  ,  0.000  ,  0.000  ,  0.000
296.80  ,  0.931  ,  0.000  ,  0.000  ,  0.000  ,  0.000
296.90  ,  0.931  ,  0.000  ,  0.000  ,  0.000  ,  0.000
297.00  ,  0.931  ,  0.000  ,  0.000  ,  0.000  ,  0.000
297.10  ,  0.930  ,  0.000  ,  0.000  ,  0.000  ,  0.000
297.20  ,  0.928  ,  0.000  ,  0.000  ,  0.000  ,  0.000
297.30  ,  0.929  ,  0.000  ,  0.000  ,  0.000  ,  0.000
297.40  ,  0.929  ,  0.000  ,  0.000  ,  0.000  ,  0.000
297.50  ,  0.928  ,  0.000  ,  0.000  ,  0.000  ,  0.000
297.60  ,  0.928  ,  0.000  ,  0.000  ,  0.000  ,  0.000
297.70  ,  0.927  ,  0.000  ,  0.000  ,  0.000  ,  0.000
297.80  ,  0.926  ,  0.000  ,  0.000  ,  0.000  ,  0.000
297.90  ,  0.925  ,  0.000  ,  0.000  ,  0.000  ,  0.000
298.00  ,  0.924  ,  0.000  ,  0.000  ,  0.000  ,  0.000
298.10  ,  0.922  ,  0.000  ,  0.000  ,  0.000  ,  0.000
298.20  ,  0.919  ,  0.000  ,  0.000  ,  0.000  ,  0.000
298.30  ,  0.916  ,  0.000  ,  0.000  ,  0.000  ,  0.000
298.40  ,  0.910  ,  0.000  ,  0.000  ,  0.000  ,  0.000
298.50  ,  0.905  ,  0.000  ,  0.000  ,  0.000  ,  0.000
298.60  ,  0.913  ,  0.000  ,  0.000  ,  0.000  ,  0.000
298.70  ,  0.918  ,  0.000  ,  0.000  ,  0.000  ,  0.000
298.80  ,  0.920  ,  0.000  ,  0.000  ,  0.000  ,  0.000
298.90  ,  0.922  ,  0.000  ,  0.000  ,  0.000  ,  0.000
299.00  ,  0.923  ,  0.000  ,  0.000  ,  0.000  ,  0.000
299.10  ,  0.924  ,  0.000  ,  0.000  ,  0.000  ,  0.000
299.20  ,  0.925  ,  0.000  ,  0.000  ,  0.000  ,  0.000
299.30  ,  0.925  ,  0.000  ,  0.000  ,  0.000  ,  0.000
299.40  ,  0.926  ,  0.000  ,  0.000  ,  0.000  ,  0.000
299.50  ,  0.924  ,  0.000  ,  0.000  ,  0.000  ,  0.000
299.60  ,  0.926  ,  0.000  ,  0.000  ,  0.000  ,  0.000
299.70  ,  0.926  ,  0.000  ,  0.000  ,  0.000  ,  0.000
299.80  ,  0.927  ,  0.000  ,  0.000  ,  0.000  ,  0.000
299.90  ,  0.927  ,  0.000  ,  0.000  ,  0.000  ,  0.000
300.00  ,  0.927  ,  0.000  ,  0.000  ,  0.000  ,  0.000
300.10  ,  0.926  ,  0.000  ,  0.000  ,  0.000  ,  0.000
300.20  ,  0.926  ,  0.000  ,  0.000  ,  0.000  ,  0.000
300.30  ,  0.927  ,  0.000  ,  0.000  ,  0.000  ,  0.000
300.40  ,  0.926  ,  0.000  ,  0.000  ,  0.000  ,  0.000
300.50  ,  0.923  ,  0.000  ,  0.000  ,  0.000  ,  0.000
300.60  ,  0.915  ,  0.000  ,  0.000  ,  0.000  ,  0.000
300.70  ,  0.891  ,  0.000  ,  0.000  ,  0.000  ,  0.000
300.80  ,  0.918  ,  0.000  ,  0.000  ,  0.000  ,  0.000
300.90  ,  0.922  ,  0.000  ,  0.000  ,  0.000  ,  0.000
301.00  ,  0.923  ,  0.000  ,  0.000  ,  0.000  ,  0.000
301.10  ,  0.923  ,  0.000  ,  0.000  ,  0.000  ,  0.000
301.20  ,  0.922  ,  0.000  ,  0.000  ,  0.000  ,  0.000
301.30  ,  0.920  ,  0.000  ,  0.000  ,  0.000  ,  0.000
301.40  ,  0.916  ,  0.000  ,  0.000  ,  0.000  ,  0.000
301.50  ,  0.910  ,  0.000  ,  0.000  ,  0.000  ,  0.000
301.60  ,  0.898  ,  0.000  ,  0.000  ,  0.000  ,  0.000
301.70  ,  0.867  ,  0.000  ,  0.000  ,  0.000  ,  0.000
301.80  ,  0.716  ,  0.000  ,  0.000  ,  0.000  ,  0.000
301.90  ,  0.849  ,  0.000  ,  0.000  ,  0.000  ,  0.000
302.00  ,  0.892  ,  0.000  ,  0.000  ,  0.000  ,  0.000
302.10  ,  0.907  ,  0.000  ,  0.000  ,  0.000  ,  0.000
302.20  ,  0.914  ,  0.000  ,  0.000  ,  0.000  ,  0.000
302.30  ,  0.917  ,  0.000  ,  0.000  ,  0.000  ,  0.000
302.40  ,  0.919  ,  0.000  ,  0.000  ,  0.000  ,  0.000
302.50  ,  0.920  ,  0.000  ,  0.000  ,  0.000  ,  0.000
302.60  ,  0.920  ,  0.000  ,  0.000  ,  0.000  ,  0.000
302.70  ,  0.919  ,  0.000  ,  0.000  ,  0.000  ,  0.000
302.80  ,  0.917  ,  0.000  ,  0.000  ,  0.000  ,  0.000
302.90  ,  0.915  ,  0.000  ,  0.000  ,  0.000  ,  0.000
303.00  ,  0.904  ,  0.000  ,  0.000  ,  0.000  ,  0.000
303.10  ,  0.873  ,  0.000  ,  0.000  ,  0.000  ,  0.000
303.20  ,  0.846  ,  0.000  ,  0.000  ,  0.000  ,  0.000
303.30  ,  0.899  ,  0.000  ,  0.000  ,  0.000  ,  0.000
303.40  ,  0.912  ,  0.000  ,  0.000  ,  0.000  ,  0.000
303.50  ,  0.918  ,  0.000  ,  0.000  ,  0.000  ,  0.000
303.60  ,  0.920  ,  0.000  ,  0.000  ,  0.000  ,  0.000
303.70  ,  0.922  ,  0.000  ,  0.000  ,  0.000  ,  0.000
303.80  ,  0.923  ,  0.000  ,  0.000  ,  0.000  ,  0.000
303.90  ,  0.924  ,  0.000  ,  0.000  ,  0.000  ,  0.000
304.00  ,  0.924  ,  0.000  ,  0.000  ,  0.000  ,  0.000
304.10  ,  0.924  ,  0.000  ,  0.000  ,  0.000  ,  0.000
304.20  ,  0.925  ,  0.000  ,  0.000  ,  0.000  ,  0.000
304.30  ,  0.925  ,  0.000  ,  0.000  ,  0.000  ,  0.000
304.40  ,  0.925  ,  0.000  ,  0.000  ,  0.000  ,  0.000
304.50  ,  0.924  ,  0.000  ,  0.000  ,  0.000  ,  0.000
304.60  ,  0.924  ,  0.000  ,  0.000  ,  0.000  ,  0.000
304.70  ,  0.923  ,  0.000  ,  0.000  ,  0.000  ,  0.000
304.80  ,  0.921  ,  0.000  ,  0.000  ,  0.000  ,  0.000
304.90  ,  0.922  ,  0.000  ,  0.000  ,  0.000  ,  0.000
305.00  ,  0.923  ,  0.000  ,  0.000  ,  0.000  ,  0.000
305.10  ,  0.924  ,  0.000  ,  0.000  ,  0.000  ,  0.000
305.20  ,  0.924  ,  0.000  ,  0.000  ,  0.000  ,  0.000
305.30  ,  0.924  ,  0.000  ,  0.000  ,  0.000  ,  0.000
305.40  ,  0.924  ,  0.000  ,  0.000  ,  0.000  ,  0.000
305.50  ,  0.924  ,  0.000  ,  0.000  ,  0.000  ,  0.000
305.60  ,  0.924  ,  0.000  ,  0.000  ,  0.000  ,  0.000
305.70  ,  0.924  ,  0.000  ,  0.000  ,  0.000  ,  0.000
305.80  ,  0.924  ,  0.000  ,  0.000  ,  0.000  ,  0.000
305.90  ,  0.924  ,  0.000  ,  0.000  ,  0.000  ,  0.000
306.00  ,  0.924  ,  0.000  ,  0.000  ,  0.000  ,  0.000
306.10  ,  0.924  ,  0.000  ,  0.000  ,  0.000  ,  0.000
306.20  ,  0.924  ,  0.000  ,  0.000  ,  0.000  ,  0.000
306.30  ,  0.924  ,  0.000  ,  0.000  ,  0.000  ,  0.000
306.40  ,  0.924  ,  0.000  ,  0.000  ,  0.000  ,  0.000
306.50  ,  0.924  ,  0.000  ,  0.000  ,  0.000  ,  0.000
306.60  ,  0.924  ,  0.000  ,  0.000  ,  0.000  ,  0.000
306.70  ,  0.924  ,  0.000  ,  0.000  ,  0.000  ,  0.000
306.80  ,  0.924  ,  0.000  ,  0.000  ,  0.000  ,  0.000
306.90  ,  0.924  ,  0.000  ,  0.000  ,  0.000  ,  0.000
307.00  ,  0.924  ,  0.000  ,  0.000  ,  0.000  ,  0.000
307.10  ,  0.924  ,  0.000  ,  0.000  ,  0.000  ,  0.000
307.20  ,  0.923  ,  0.000  ,  0.000  ,  0.000  ,  0.000
307.30  ,  0.923  ,  0.000  ,  0.000  ,  0.000  ,  0.000
307.40  ,  0.923  ,  0.000  ,  0.000  ,  0.000  ,  0.000
307.50  ,  0.923  ,  0.000  ,  0.000  ,  0.000  ,  0.000
307.60  ,  0.923  ,  0.000  ,  0.000  ,  0.000  ,  0.000
307.70  ,  0.923  ,  0.000  ,  0.000  ,  0.000  ,  0.000
307.80  ,  0.923  ,  0.000  ,  0.000  ,  0.000  ,  0.000
307.90  ,  0.922  ,  0.000  ,  0.000  ,  0.000  ,  0.000
308.00  ,  0.922  ,  0.000  ,  0.000  ,  0.000  ,  0.000
308.10  ,  0.922  ,  0.000  ,  0.000  ,  0.000  ,  0.000
308.20  ,  0.922  ,  0.000  ,  0.000  ,  0.000  ,  0.000
308.30  ,  0.922  ,  0.000  ,  0.000  ,  0.000  ,  0.000
308.40  ,  0.921  ,  0.000  ,  0.000  ,  0.000  ,  0.000
308.50  ,  0.921  ,  0.000  ,  0.000  ,  0.000  ,  0.000
308.60  ,  0.920  ,  0.000  ,  0.000  ,  0.000  ,  0.000
308.70  ,  0.921  ,  0.000  ,  0.000  ,  0.000  ,  0.000
308.80  ,  0.920  ,  0.000  ,  0.000  ,  0.000  ,  0.000
308.90  ,  0.920  ,  0.000  ,  0.000  ,  0.000  ,  0.000
309.00  ,  0.920  ,  0.000  ,  0.000  ,  0.000  ,  0.000
309.10  ,  0.920  ,  0.000  ,  0.000  ,  0.000  ,  0.000
309.20  ,  0.920  ,  0.000  ,  0.000  ,  0.000  ,  0.000
309.30  ,  0.919  ,  0.000  ,  0.000  ,  0.000  ,  0.000
309.40  ,  0.919  ,  0.000  ,  0.000  ,  0.000  ,  0.000
309.50  ,  0.919  ,  0.000  ,  0.000  ,  0.000  ,  0.000
309.60  ,  0.918  ,  0.000  ,  0.000  ,  0.000  ,  0.000
309.70  ,  0.917  ,  0.000  ,  0.000  ,  0.000  ,  0.000
309.80  ,  0.916  ,  0.000  ,  0.000  ,  0.000  ,  0.000
309.90  ,  0.914  ,  0.000  ,  0.000  ,  0.000  ,  0.000
310.00  ,  0.906  ,  0.000  ,  0.000  ,  0.000  ,  0.000
310.10  ,  0.900  ,  0.000  ,  0.000  ,  0.000  ,  0.000
310.20  ,  0.912  ,  0.000  ,  0.000  ,  0.000  ,  0.000
310.30  ,  0.915  ,  0.000  ,  0.000  ,  0.000  ,  0.000
310.40  ,  0.916  ,  0.000  ,  0.000  ,  0.000  ,  0.000
310.50  ,  0.916  ,  0.000  ,  0.000  ,  0.000  ,  0.000
310.60  ,  0.916  ,  0.000  ,  0.000  ,  0.000  ,  0.000
310.70  ,  0.916  ,  0.000  ,  0.000  ,  0.000  ,  0.000
310.80  ,  0.916  ,  0.000  ,  0.000  ,  0.000  ,  0.000
310.90  ,  0.916  ,  0.000  ,  0.000  ,  0.000  ,  0.000
311.00  ,  0.916  ,  0.000  ,  0.000  ,  0.000  ,  0.000
311.10  ,  0.916  ,  0.000  ,  0.000  ,  0.000  ,  0.000
311.20  ,  0.916  ,  0.000  ,  0.000  ,  0.000  ,  0.000
311.30  ,  0.915  ,  0.000  ,  0.000  ,  0.000  ,  0.000
311.40  ,  0.915  ,  0.000  ,  0.000  ,  0.000  ,  0.000
311.50  ,  0.915  ,  0.000  ,  0.000  ,  0.000  ,  0.000
311.60  ,  0.915  ,  0.000  ,  0.000  ,  0.000  ,  0.000
311.70  ,  0.914  ,  0.000  ,  0.000  ,  0.000  ,  0.000
311.80  ,  0.914  ,  0.000  ,  0.000  ,  0.000  ,  0.000
311.90  ,  0.914  ,  0.000  ,  0.000  ,  0.000  ,  0.000
312.00  ,  0.914  ,  0.000  ,  0.000  ,  0.000  ,  0.000
312.10  ,  0.913  ,  0.000  ,  0.000  ,  0.000  ,  0.000
312.20  ,  0.913  ,  0.000  ,  0.000  ,  0.000  ,  0.000
312.30  ,  0.913  ,  0.000  ,  0.000  ,  0.000  ,  0.000
312.40  ,  0.912  ,  0.000  ,  0.000  ,  0.000  ,  0.000
312.50  ,  0.912  ,  0.000  ,  0.000  ,  0.000  ,  0.000
312.60  ,  0.912  ,  0.000  ,  0.000  ,  0.000  ,  0.000
312.70  ,  0.911  ,  0.000  ,  0.000  ,  0.000  ,  0.000
312.80  ,  0.911  ,  0.000  ,  0.000  ,  0.000  ,  0.000
312.90  ,  0.910  ,  0.000  ,  0.000  ,  0.000  ,  0.000
313.00  ,  0.910  ,  0.000  ,  0.000  ,  0.000  ,  0.000
313.10  ,  0.910  ,  0.000  ,  0.000  ,  0.000  ,  0.000
313.20  ,  0.910  ,  0.000  ,  0.000  ,  0.000  ,  0.000
313.30  ,  0.909  ,  0.000  ,  0.000  ,  0.000  ,  0.000
313.40  ,  0.909  ,  0.000  ,  0.000  ,  0.000  ,  0.000
313.50  ,  0.908  ,  0.000  ,  0.000  ,  0.000  ,  0.000
313.60  ,  0.908  ,  0.000  ,  0.000  ,  0.000  ,  0.000
313.70  ,  0.907  ,  0.000  ,  0.000  ,  0.000  ,  0.000
313.80  ,  0.907  ,  0.000  ,  0.000  ,  0.000  ,  0.000
313.90  ,  0.906  ,  0.000  ,  0.000  ,  0.000  ,  0.000
314.00  ,  0.905  ,  0.000  ,  0.000  ,  0.000  ,  0.000
314.10  ,  0.906  ,  0.000  ,  0.000  ,  0.000  ,  0.000
314.20  ,  0.905  ,  0.000  ,  0.000  ,  0.000  ,  0.000
314.30  ,  0.905  ,  0.000  ,  0.000  ,  0.000  ,  0.000
314.40  ,  0.904  ,  0.000  ,  0.000  ,  0.000  ,  0.000
314.50  ,  0.904  ,  0.000  ,  0.000  ,  0.000  ,  0.000
314.60  ,  0.903  ,  0.000  ,  0.000  ,  0.000  ,  0.000
314.70  ,  0.902  ,  0.000  ,  0.000  ,  0.000  ,  0.000
314.80  ,  0.902  ,  0.000  ,  0.000  ,  0.000  ,  0.000
314.90  ,  0.900  ,  0.000  ,  0.000  ,  0.000  ,  0.000
315.00  ,  0.899  ,  0.000  ,  0.000  ,  0.000  ,  0.000
315.10  ,  0.898  ,  0.000  ,  0.000  ,  0.000  ,  0.000
315.20  ,  0.897  ,  0.000  ,  0.000  ,  0.000  ,  0.000
315.30  ,  0.896  ,  0.000  ,  0.000  ,  0.000  ,  0.000
315.40  ,  0.893  ,  0.000  ,  0.000  ,  0.000  ,  0.000
315.50  ,  0.891  ,  0.000  ,  0.000  ,  0.000  ,  0.000
315.60  ,  0.886  ,  0.000  ,  0.000  ,  0.000  ,  0.000
315.70  ,  0.877  ,  0.000  ,  0.000  ,  0.000  ,  0.000
315.80  ,  0.850  ,  0.000  ,  0.000  ,  0.000  ,  0.000
315.90  ,  0.803  ,  0.000  ,  0.000  ,  0.000  ,  0.000
316.00  ,  0.859  ,  0.000  ,  0.000  ,  0.000  ,  0.000
316.10  ,  0.864  ,  0.000  ,  0.000  ,  0.000  ,  0.000
316.20  ,  0.851  ,  0.000  ,  0.000  ,  0.000  ,  0.000
316.30  ,  0.781  ,  0.000  ,  0.000  ,  0.000  ,  0.000
316.40  ,  0.829  ,  0.000  ,  0.000  ,  0.000  ,  0.000
316.50  ,  0.862  ,  0.000  ,  0.000  ,  0.000  ,  0.000
316.60  ,  0.870  ,  0.000  ,  0.000  ,  0.000  ,  0.000
316.70  ,  0.868  ,  0.000  ,  0.000  ,  0.000  ,  0.000
316.80  ,  0.878  ,  0.000  ,  0.000  ,  0.000  ,  0.000
316.90  ,  0.881  ,  0.000  ,  0.000  ,  0.000  ,  0.000
317.00  ,  0.880  ,  0.000  ,  0.000  ,  0.000  ,  0.000
317.10  ,  0.877  ,  0.000  ,  0.000  ,  0.000  ,  0.000
317.20  ,  0.861  ,  0.000  ,  0.000  ,  0.000  ,  0.000
317.30  ,  0.877  ,  0.000  ,  0.000  ,  0.000  ,  0.000
317.40  ,  0.880  ,  0.000  ,  0.000  ,  0.000  ,  0.000
317.50  ,  0.880  ,  0.000  ,  0.000  ,  0.000  ,  0.000
317.60  ,  0.879  ,  0.000  ,  0.000  ,  0.000  ,  0.000
317.70  ,  0.879  ,  0.000  ,  0.000  ,  0.000  ,  0.000
317.80  ,  0.878  ,  0.000  ,  0.000  ,  0.000  ,  0.000
317.90  ,  0.876  ,  0.000  ,  0.000  ,  0.000  ,  0.000
318.00  ,  0.875  ,  0.000  ,  0.000  ,  0.000  ,  0.000
318.10  ,  0.874  ,  0.000  ,  0.000  ,  0.000  ,  0.000
318.20  ,  0.872  ,  0.000  ,  0.000  ,  0.000  ,  0.000
318.30  ,  0.871  ,  0.000  ,  0.000  ,  0.000  ,  0.000
318.40  ,  0.869  ,  0.000  ,  0.000  ,  0.000  ,  0.000
318.50  ,  0.867  ,  0.000  ,  0.000  ,  0.000  ,  0.000
318.60  ,  0.866  ,  0.000  ,  0.000  ,  0.000  ,  0.000
318.70  ,  0.864  ,  0.000  ,  0.000  ,  0.000  ,  0.000
318.80  ,  0.862  ,  0.000  ,  0.000  ,  0.000  ,  0.000
318.90  ,  0.859  ,  0.000  ,  0.000  ,  0.000  ,  0.000
319.00  ,  0.857  ,  0.000  ,  0.000  ,  0.000  ,  0.000
319.10  ,  0.854  ,  0.000  ,  0.000  ,  0.000  ,  0.000
319.20  ,  0.852  ,  0.000  ,  0.000  ,  0.000  ,  0.000
319.30  ,  0.849  ,  0.000  ,  0.000  ,  0.000  ,  0.000
319.40  ,  0.845  ,  0.000  ,  0.000  ,  0.000  ,  0.000
319.50  ,  0.841  ,  0.000  ,  0.000  ,  0.000  ,  0.000
319.60  ,  0.837  ,  0.000  ,  0.000  ,  0.000  ,  0.000
319.70  ,  0.830  ,  0.000  ,  0.000  ,  0.000  ,  0.000
319.80  ,  0.820  ,  0.000  ,  0.000  ,  0.000  ,  0.000
319.90  ,  0.797  ,  0.000  ,  0.000  ,  0.000  ,  0.000
320.00  ,  0.695  ,  0.000  ,  0.000  ,  0.000  ,  0.000
